1|4.082978966134359,2|3.7258360947130127,3|3.6059814435775532,4|3.4410801669854396,5|3.5906656790816998,6|3.8763157660161354,7|3.6579096644169766,8|3.6291863927980677,9|3.710106976872538,10|3.9127497561577753,11|3.9859679347647656,12|3.3515582631808822,13|3.436554381263768,14|3.6667364425581064,15|2.8683634897939334,16|4.096524158782214,17|3.9277621663153495,18|3.870453113188338,19|3.397835453501457,20|3.1509219499869348,21|3.9274298308162727,22|3.752424779996235,23|3.3245344856374435,24|3.5167146201993114,25|3.710336619299464,26|3.869487794206262,27|3.5871700837000327,28|3.9787196876458126,29|4.120198131092728,30|3.5335481869733187,31|3.5072127458673052,32|4.151042233089843,33|3.5637609760944304,34|3.625000211573485,35|3.5306720460249403,36|3.9785638075546412,37|3.8483440606071877,38|2.8526152521502834,39|3.8008016044864634,40|3.541348973348488,41|4.122621777985205,42|3.4077379989338548,43|3.7461479175471726,44|3.2905211692883,45|3.5480751865120697,46|3.3043713393730254,47|4.2934721764020916,48|3.15668424827551,49|3.8404939394555386,50|4.674884048763417,51|4.28440485071461,52|3.895918658716111,53|3.8039707479964253,54|3.07289075754309,55|3.4563807232051404,56|2.625561457702026,57|3.6534381398181024,58|3.989896955412597,59|3.5553407337172294,60|3.243792844373683,61|3.4625079526571527,62|3.8719508692922355,63|3.74975507000383,64|2.970294680843346,65|3.2295189875762373,66|2.3906375079392013,67|3.6587836971017396,68|3.5880280722206104,69|4.157629187591558,70|3.715414253387386,71|2.656969375200574,72|3.6710274523545356,73|4.042879527169878,74|3.3901666734702873,75|2.734964089250759,76|3.3903291779955906,77|3.9053115997254295,78|3.4601639106887965,79|3.4366903279096657,80|3.659135324834888,81|3.677718499418106,82|3.7939896164846125,83|3.8535523327046226,84|3.3702119032323465,85|3.3555541547254317,86|3.642794540830219,87|2.7492145776640813,88|3.6971122521855206,89|3.5008138182218707,90|3.615746260442826,92|3.161848900597489,93|3.1072694677448593,94|3.814592715040179,95|3.4975827321855437,96|3.721128102727057,97|3.743509652965859,98|3.053803697619373,99|3.8168809215435213,100|3.5191018495795827,101|4.181441389852313,102|2.900998170997606,103|3.631945097999564,104|4.248901869079978,105|3.3603360937133973,106|3.7096918793320297,107|3.6881431286190525,108|3.882839061588213,109|4.255660138798326,110|4.623662864329928,111|4.266491512360902,112|3.9689266232457854,113|3.234894415395461,114|3.83025838607025,115|4.255660138798326,116|4.069862143800927,117|3.968026142441043,118|3.261789934966214,119|3.28783483000049,120|3.4075334136524122,121|3.8891781569757207,122|3.453602585200374,123|3.900348758841819,124|4.254628047331043,125|4.0643658649594485,126|2.4799425058348485,127|4.254628047331043,128|3.9583279982520314,129|3.747917690030499,130|4.254628047331043,131|3.7630391011796354,132|3.100767185834213,133|4.238965386461189,134|4.247255762551411,135|3.4763759156626852,136|4.034956932372854,137|3.8113540797895022,138|3.6215327955350567,139|4.27733523452063,140|3.3184747534103094,141|3.7981108565324635,142|4.254628047331043,143|4.254628047331043,144|3.598347931600903,145|3.8497669976558133,146|2.479022591249281,147|3.92532306905239,148|3.052864220414528,149|3.538292814434053,150|4.3361135908011,151|3.7590080177668614,152|3.3522809489069614,153|3.1310909302144596,154|3.7142066610625086,155|3.6172922884860474,156|3.968883841251948,157|3.404256048916777,158|3.2486858474139133,159|3.626355355541407,160|2.7314771261153137,161|4.139727639517414,162|4.20910745942367,163|3.8292842858571023,164|3.7709670058335787,165|3.9619357737191523,166|3.212012086136907,167|3.6619492501200606,168|3.360260001427851,169|2.535847555434249,170|3.44748933376817,171|3.8910616256119948,172|3.088788392955325,173|2.9190068635950595,174|3.299645864726913,175|3.671472061797119,176|4.093537005292616,177|3.405754467504117,178|3.4887707946041586,179|2.731558036799676,180|4.081349590113791,181|2.165271268748894,182|3.3392642029536104,183|3.922844733708337,184|3.551736894747976,185|3.341062406652464,186|3.3706256086486297,187|3.4321130399844098,188|3.686812733905877,189|3.158576990322576,190|3.7315944638694893,191|3.101480504658103,192|3.8627877512661644,193|2.8805784159057604,194|3.808319846450897,195|2.959760535603401,196|3.28155268004092,197|3.61618093693377,198|3.721932041096683,199|3.9065693837861133,200|3.078830829981465,201|2.746568083811486,202|3.545922787855907,203|3.0406908551590606,204|3.1950208359948564,205|3.6274804137957988,206|3.965254496391241,207|3.3721963762408924,208|3.136061678800427,209|3.164504226379315,210|3.438061338604064,211|3.7769577237292937,212|2.4413909938724876,213|3.819726140043338,214|3.9089691503105883,215|3.769487830393466,216|3.9416352817008358,217|2.971781569510956,218|3.4815112937407764,219|3.6132017993754975,220|2.952965577095485,222|3.729254035789131,223|4.453090004968224,224|3.456909920082916,225|3.496782465635114,226|4.277823246849843,227|3.1900444318467285,228|3.1752784131030585,229|3.750049453419079,230|3.714456060246518,231|3.961274609510955,232|3.9776159732468024,233|3.5944570625290444,234|3.117704493788465,235|3.7786732583737557,236|3.578090459042296,237|3.5684816004380555,238|2.8614418707592284,239|3.348693955840149,240|3.4865917570265137,241|3.572241532257049,242|3.759402770168749,243|2.5008517919893407,244|2.977324859584484,245|3.4780999065297546,246|4.317119388045896,247|4.068070774854399,248|3.213834778562089,249|3.804905160400894,250|3.4868275307615626,251|3.451620679946569,252|3.5651362150880903,253|3.9236322815223317,254|3.105436812486696,255|3.128270944452418,256|3.0881578318292817,257|3.584665193701621,258|2.7660645348134105,259|3.379972506638664,260|4.750717544419638,261|3.7336633562158417,262|3.8133080736907115,263|3.7776099361134694,264|3.7882677400721114,265|3.8802065411661992,266|3.6833526397271443,267|3.3999930523558874,268|3.520763870720814,269|3.724699340871119,270|3.4192933331185356,271|3.3359151272903738,272|3.6964974882499977,273|3.570105121046625,274|2.981352551385353,275|3.4068899258530108,276|3.104963435718688,277|3.546123000256678,278|3.0533247669411576,279|3.6234581861348656,280|4.067402647033411,281|3.665063231696796,282|3.359224372299073,283|3.098454929727599,284|4.299371223451086,285|3.488204292685189,286|3.338122066844985,287|3.510949872235843,288|3.3427086755150164,289|3.310396381193012,290|3.8377566324864976,291|2.8620794393884377,292|3.683352732482253,293|4.335711220167919,294|3.1689060871153334,295|3.396516899090479,296|4.371017755006902,297|3.1677169063042707,298|3.6467152633243565,299|3.6649493995208546,300|3.8186149103403073,301|3.4429163541329624,302|4.162684611552628,303|3.496209119349518,304|3.6387849401917722,305|3.0561587313012035,306|4.048396143934459,307|3.9806084728838567,308|3.896408410681363,309|3.693436119186761,310|3.3283750720823857,311|3.2615760067870427,312|3.100658058327368,313|3.3060451083608156,314|3.9160728735707666,315|3.0165593293135524,316|3.8581988624502888,317|3.520679403043622,318|4.769918036692426,319|4.1921923363166655,320|3.155269321762117,321|3.4381572955185935,322|4.058835569838016,324|3.965460690947994,325|3.5335427717273737,326|4.171800524403387,327|3.025889518214624,328|3.6581640163409315,329|3.6815577726428974,330|3.1511030448839144,331|3.5875762303773007,332|3.109967415932199,333|4.130902877952645,334|3.6903098211514926,335|3.5345581169785985,336|4.241900864841796,337|3.80554328612218,338|3.31252306318713,339|3.607704327447127,340|3.6548432490771567,341|3.8356441234649052,342|3.7550951867429245,343|2.6511956329212776,344|3.845712732099818,345|3.860241471353607,346|3.667750165381494,347|3.1689515018885666,348|3.933167106337347,349|4.006553555501611,350|3.7815129769668347,351|3.4073221422336593,352|3.432268576504807,353|3.855663928293999,354|3.6350115657872246,355|2.7045380918378434,356|4.558519457946636,357|3.87759823272662,358|3.5920318787991006,359|3.590940841826442,360|3.224942539599767,361|3.6668672840271803,362|3.522628753299517,363|3.9920008826551046,364|4.185196099337133,365|3.339204114983838,366|3.3814290788391332,367|3.7784405562307795,368|3.954549745633194,369|3.381722314719159,370|3.5690773855079643,371|3.590691240989031,372|3.60331387409132,373|4.00958329746889,374|2.6194064300765367,375|3.6285611303985617,376|3.4543134961357613,377|3.9274187350409977,378|3.426826368519669,379|3.2372824597621435,380|4.047175216305588,381|3.3431817456959165,382|3.557975014974133,383|3.6329341956352015,384|3.482156108802873,385|3.8605259198798505,386|3.3131412186045384,387|3.3642794182555846,388|3.7730147162072623,389|3.6656038903885255,390|3.6280532641541594,391|3.5064659573225323,392|3.0440306211037136,393|2.790078246206857,394|3.94269636140384,395|4.254628047331043,396|4.254628047331043,397|3.1552693968726446,398|3.892957627738247,399|4.254628047331043,400|4.254628047331043,401|4.289001764429784,402|3.602884478602279,403|4.2016432788455464,404|4.247255762551411,405|2.8021541483269363,406|3.5896993444133543,407|3.6593941171797875,408|3.470924276718317,409|3.6507080322338186,410|3.330852524704037,411|3.3132349428685446,412|3.5078792260165192,413|3.514673948282388,414|3.018790669015855,415|3.024796362321379,416|3.101028732605376,417|3.6492783563806492,418|3.202251353910624,419|3.067951859647718,420|3.2150719732609208,421|3.603953415176286,422|3.6221553987055986,423|3.571378771071177,424|3.125244308619733,425|3.475365733066953,426|3.417276465751376,427|2.7604976134732193,428|4.236558484705153,429|3.160505309173951,430|3.103574092000445,431|4.083333000049999,432|3.1561141888846267,433|3.6608591170832625,434|3.5129551844319455,435|3.1398117344098058,436|3.2779690869754994,437|2.7597613180426017,438|3.2558130498866733,439|3.4440124982350895,440|3.9993422468648276,441|4.066588402579041,442|3.5345073694940687,443|3.6826152661157794,444|3.1126193712799424,445|3.6661664189445107,446|3.9443275251205803,447|3.0119887905944696,448|3.708882773261868,449|4.259360587044787,450|3.739327820600165,451|3.2438574668466984,452|3.57444354317193,453|3.505166709039819,454|3.8334912420376748,455|2.9825998830656193,456|4.062598918509634,457|4.382395174340848,458|3.5443492960447363,459|3.362576209181589,460|2.6579608171343962,461|3.3803863044310973,462|3.240891669084468,463|3.2123816378667938,464|3.3939239467726585,465|3.667713589502977,466|3.5130398172811828,467|3.432634901692875,468|3.59499601178097,469|3.561647186923877,470|2.6404725462704253,471|3.976811685149777,472|3.0996673597147666,473|3.145783293670304,474|4.125870876763582,475|4.100995011420663,476|3.088916666325531,477|3.804854603119769,478|3.1059002099242337,479|3.5377289199968107,480|4.098170007209381,481|3.8716274883522894,482|3.842566359423843,483|3.759591913258442,484|3.0601846340372996,485|3.1547610738112244,486|3.134604580084516,487|3.2708997250343503,488|3.771582131777751,489|3.1068919495797886,490|3.718708576212383,491|3.5649078946725195,492|4.039750855944988,493|3.907918862730523,494|3.626174206296574,495|3.205832851186734,496|3.245583030408694,497|4.045476552143787,498|3.0381082437959153,499|2.9862088692838764,500|3.836068038481181,501|3.8360585726037777,502|2.481768607466078,503|3.63833141067311,504|3.358775001501755,505|2.839483716430288,506|3.387544953349555,507|3.724648855122725,508|3.994833073780101,509|3.5458114190289582,510|3.0406973205231957,511|3.7049651615020363,512|3.2851793574207893,513|3.4997209666444777,514|3.8127444272625004,515|3.7767014116414863,516|3.480454209165604,517|3.601234985399307,518|3.2159628141179324,519|2.4828517936577734,520|3.7934417954089463,521|3.65110725254066,522|3.704024355551291,523|3.7685855990517214,524|3.934076899957857,525|4.020339526552304,526|3.655119217073917,527|4.649162485624272,528|3.469546707170112,529|4.110614832293128,530|4.254628047331043,531|3.692294980015009,532|3.2827114223263605,533|3.0247762567080025,534|3.817304036169367,535|3.819088468352855,536|3.6961056617602392,537|3.3627530930625937,538|3.7748237855792484,539|3.914372445311698,540|3.0411723763940604,541|4.360123094679443,542|3.1931401007223386,543|3.824342775113616,544|3.1706828199567925,545|3.5277912054762357,546|2.4941170508577737,547|3.112170083788328,548|3.134016129178833,549|4.040775560953394,550|3.4887028383672822,551|3.931826240457678,552|3.7405485878495663,553|4.246979137980674,554|3.233449162406962,555|4.190829965086348,556|4.416784989737973,557|4.254628047331043,558|2.9394173998420774,559|3.733183637257529,560|4.254628047331043,561|4.086201966838505,562|3.92376105949678,563|3.85788870238554,564|2.905174272238492,565|3.440153150361529,566|3.488058533481151,567|4.254628047331043,568|3.8557015509149304,569|3.3102072718307207,570|3.7150211067329897,571|3.8189168884782543,572|4.254628047331043,573|3.741064548600089,574|3.7505099582171777,575|3.6532217588216946,576|4.255660138798326,577|3.4568930535706057,578|4.211996219232921,579|4.277823246849843,580|3.649464195626404,581|4.089908125486313,582|3.671952101390314,583|3.6888508138963365,584|4.254628047331043,585|3.494026012040937,586|3.8531161256413604,587|4.00500762141468,588|3.97493403198722,589|4.10241989417905,590|3.891443672698638,591|4.28440485071461,592|4.016094086540682,593|4.109515459450362,594|3.8199098864250427,595|3.921684543760259,596|3.6069313934248837,597|3.8603373936933654,598|3.753454243715213,599|3.9360905100767596,600|3.439632277712736,601|3.7168189481311575,602|4.203511352592033,603|3.1645453396231025,604|4.247255762551411,605|3.516101643655002,606|2.907253565436979,607|4.254628047331043,608|4.356020978505231,609|3.028556844593042,610|3.9445601998048283,611|3.202895743088537,612|3.103835351745918,613|3.838454645192771,614|3.591974548184843,615|3.7745331269951934,616|3.3690161074331835,617|3.4077565776428784,618|3.6804754136207682,619|2.895073963070389,620|4.254628047331043,621|3.43571061396592,623|4.256518706261907,624|3.7668186191502517,625|4.254628047331043,626|3.040457982840609,627|3.9630050443097113,628|4.1550994130964645,629|4.254628047331043,630|3.587434087140512,631|2.594999281808378,632|4.004872840402659,633|3.4706652936919395,634|3.23000879506615,635|3.882725963841259,636|4.254628047331043,637|3.376926215813716,638|3.642348125611487,639|3.024644088313766,640|3.3954371131109258,641|3.565853007811142,642|4.254628047331043,643|4.255660138798326,644|4.255660138798326,645|3.722116581208298,647|3.969625289122616,648|3.8710100831172003,649|4.062987368534912,650|3.7056345148521252,651|3.555843962584118,652|3.737885580752943,653|3.601618019851051,654|4.233374067731822,655|4.255660138798326,656|3.171389321870019,657|4.238965386461189,658|3.80917845234998,659|3.879496303396133,660|3.5360410639310587,661|3.585020093789091,662|3.550620751109055,663|3.9839195707243817,664|3.5181330106788833,665|3.7071527759295613,666|3.7385808945794734,667|2.9663734523794334,668|4.190363185153004,669|4.254628047331043,670|3.844954132276921,671|4.066702031704936,672|4.254628047331043,673|3.193864312537866,674|3.2364419673293243,675|4.28440485071461,676|4.254628047331043,678|4.5742316743790425,679|3.7129212071222364,680|3.4477590171950707,681|3.67250326050853,682|3.572627087039253,683|4.247255762551411,684|4.254628047331043,685|3.558934477586762,687|3.6565083439884516,688|2.7037680579731553,690|3.5710442095036847,691|3.318069366215495,692|2.6634405342638816,693|4.254628047331043,694|3.0609412895277797,695|3.418436874448897,696|3.4386441493076565,697|3.2400964613194096,698|3.5779571716673066,699|4.254628047331043,700|3.7505708362725327,701|3.731584997193754,702|3.933496806154059,703|3.5646607068518916,704|2.9772806267193834,705|3.9986718224777738,706|3.5937719775005244,707|3.3152954185693755,708|3.673065919781882,709|3.46479453487179,710|3.056295389553042,711|2.739687121969663,712|3.851939052567583,713|3.701196904683644,714|4.246440008399381,715|3.5637389940721764,716|3.507090909924419,717|3.654151052492114,718|4.361992822855288,719|3.3740759133182117,720|4.512748790173397,721|4.254628047331043,722|3.913769106082495,723|4.254628047331043,724|3.4207068870645254,725|3.4482853004412943,726|3.572114392333491,727|4.247255762551411,728|3.905890136713088,729|3.600868697711844,730|4.254628047331043,731|3.119962359970108,732|3.507746982738489,733|4.0904602155444625,734|3.715669361425638,735|3.5968903745603287,736|3.488870309639315,737|2.6528177210228545,738|4.254628047331043,739|4.255660138798326,741|4.311310957309151,742|3.1418374063603407,743|3.3178715104494723,744|4.254628047331043,745|4.83652360449163,746|3.92470247023057,747|2.679428881299831,748|3.290932849801899,749|4.254628047331043,750|4.686479580702386,751|4.3628427110963965,752|4.234915675949255,753|3.6304635778491496,754|3.345543623360074,755|3.6315144664888894,756|3.9055041547336913,757|3.658211858181966,758|4.254628047331043,759|4.7844848219642895,760|4.293551670995371,761|3.078988885258254,762|3.2071576245523055,763|3.638690728180801,764|3.6781260429224574,765|3.423376351633606,766|3.4991181547398256,767|4.254628047331043,768|4.254628047331043,769|4.247255762551411,770|4.254628047331043,771|4.131360956144954,772|4.255660138798326,773|4.254628047331043,774|4.254628047331043,775|3.497384442569926,776|3.555770743436496,777|4.259997763504806,778|4.111461627200079,779|3.5440051275499425,780|3.938907297444546,781|3.686640641607391,782|3.016055182473817,783|3.3101982641903684,784|3.5403679264293393,785|4.003271821282863,786|3.360534671205583,787|3.8763390616365245,788|3.3617145213511748,789|3.6566732498034047,790|3.6410181793621152,791|3.913939422614958,792|3.4334055633647043,793|3.055916971695403,794|3.6500499767957946,795|4.254628047331043,796|4.254628047331043,797|3.6693215852841634,798|3.2530159022812217,799|4.056187891406285,800|4.093862788575443,801|3.1966467294330307,802|3.537952247359053,803|3.649315507302313,804|3.3707822623237105,805|3.9795798862949954,806|3.461323907891678,807|3.203942215728931,808|2.9991334591694017,809|3.119387156838282,810|2.2544470764840137,811|4.255660138798326,812|4.254628047331043,813|3.0549383862632453,814|4.254628047331043,815|4.272699647517916,816|3.5741858370652864,818|3.1343139564280387,819|3.6801072085764064,820|3.4806305221928326,821|3.572484796901029,822|4.254628047331043,823|3.6172574902990453,824|4.198650622071636,825|4.234915675949255,826|4.254628047331043,827|3.599843953402834,828|3.302651156416636,829|2.9334201984797574,830|3.334598704201217,831|4.258223529205802,832|3.924993027838169,833|3.201045943463847,834|3.5010280052100953,835|3.462891891059562,836|3.0040308084689227,837|3.5329168852714896,838|3.4630660680466665,839|2.8008083526926835,840|3.05454842047771,841|3.6452325469410702,842|3.3961069089812765,843|3.7279384654391388,844|3.7150339266069454,845|3.6671613269774452,846|3.600194446076178,847|3.503291914772192,848|3.8066892165068924,849|2.9419818781284075,850|3.3134323075558427,851|3.7026667923051235,852|3.6889235903925064,853|4.161791611727757,854|3.763640507210188,855|4.254628047331043,856|3.604507337720447,857|4.254628047331043,858|4.611133125901883,859|4.247255762551411,860|3.7863506361951496,861|4.002960177628368,862|3.8819399198393274,863|3.5797677343803675,864|3.58500528298927,865|3.7027192386823087,866|4.013576120798659,867|2.7813060268523815,868|3.761050487437613,869|3.1985496175610404,870|2.9697420664252823,871|3.73043063541294,872|3.573169234694705,873|4.254628047331043,874|3.50950643012772,875|3.5894819437852625,876|3.030460743615606,877|3.7094073496499815,878|4.254628047331043,879|3.3114344033966487,880|2.7718825707961443,881|2.896366511776794,882|3.514335618667933,884|3.6018222853975708,885|2.9969017633460604,886|3.7097395628127066,887|4.254628047331043,888|2.5552670174396632,889|3.512417508753556,890|4.277823246849843,891|3.016174368839705,892|3.8720462382997383,893|3.9969395544484327,894|4.256518706261907,895|3.5761795407316153,896|3.7706598861895264,897|4.138001809353364,898|4.283273204292082,899|4.374625819303697,900|3.9574728816777673,901|3.8475022775530388,902|3.7612298432381355,903|3.9494967033177093,904|4.34991038315366,905|4.116851036956003,906|4.209463495019027,907|3.6859065321370243,908|4.458977959059493,909|4.044745228783743,910|4.375669348319245,911|4.197937601513624,912|4.3682351826585375,913|4.325408150628153,914|4.140284514227677,915|4.2603305273204874,916|4.192503697370439,917|3.9654294551415523,918|3.9383277744729783,919|4.226129248460126,920|3.9603391091748668,921|4.236083200972793,922|4.178859906611037,923|4.113968139595042,924|3.9202503923369774,925|3.64234042312329,926|4.025496658078535,927|3.9580364024230548,928|4.167685585736245,929|4.129695901329482,930|4.437644868853085,931|4.034909778151189,932|3.8256641663473063,933|4.405619527205749,934|3.8554484855185747,935|3.963036796842475,936|4.055342278858766,937|3.789733295004104,938|3.6486518103333774,939|3.8283869771868666,940|4.161786371719381,941|3.6774960692745733,942|4.3184946245554485,943|4.244000258489844,944|4.017764256739266,945|4.287893786045776,946|3.993176850475697,947|4.131510577618267,948|3.8048898143173773,949|3.846096066123711,950|4.285153329751978,951|4.316592131347177,952|3.784686349846422,953|4.274341456605537,954|4.250601044622162,955|4.2088981259562885,956|3.433214097564087,957|3.732737014235829,958|3.811391593008615,959|3.3678207058491676,960|3.201986777882418,961|3.4683446275360352,962|3.225659960144469,963|3.527283529738064,964|3.7822072701480787,965|4.157171096086413,966|3.71617065793442,967|3.721822003215629,968|3.9666193812177797,969|4.338755399797204,970|3.499440374224426,971|4.202664122841938,972|3.63454067522374,973|3.9737384835733547,974|3.7497836903910526,975|4.257679602537636,976|3.886314365434391,977|4.235359311749752,978|4.254628047331043,979|4.241900864841796,980|3.6896442001755325,981|3.409977557025055,982|3.868841388407289,983|4.256518706261907,984|3.1913913234294293,985|3.9541187925094894,986|3.6128285459959435,987|3.09231928169401,988|3.832546981124542,989|3.7984282658310615,990|3.127078286798409,991|3.9083458861768854,992|3.3194821628653726,993|3.7087929841664025,994|3.95634847543596,996|3.54756651905778,997|3.6144529010921236,998|3.1590961537218045,999|3.6406558265148155,1000|3.1493347626401453,1001|4.255660138798326,1002|3.609986164852801,1003|3.524563043687178,1004|3.033592737688423,1005|2.911098194938752,1006|3.358518749228261,1007|3.3224638174659438,1008|3.713090158882757,1009|3.223144718524419,1010|3.5367359041395954,1011|3.0596339803894113,1012|3.9192413693256816,1013|3.7223256766849953,1014|3.308271589711393,1015|3.478630218373017,1016|3.4307255279896225,1017|3.646388718029813,1018|3.4291367328243494,1019|3.856909955618726,1020|3.5407655801550915,1021|2.885760427502821,1022|3.7491889771023206,1023|3.7570376537869583,1024|3.671593393801645,1025|3.7693186364211577,1026|3.645635689067321,1027|3.8627321905438867,1028|3.9476954439813206,1029|3.71403240422156,1030|3.26778092102866,1031|3.696450642314156,1032|3.8336024910097333,1033|3.685750413045029,1034|3.624905708639788,1035|4.056897798636997,1036|4.564365561291309,1037|3.141407895325097,1038|3.7102575897091503,1039|3.460580417447363,1040|3.721496335829637,1041|3.8901094023276954,1042|3.718918817303268,1043|2.9790183292357293,1044|3.50815383930507,1045|3.571282228050416,1046|4.09728148396778,1047|3.8840041019892944,1049|3.814123722841229,1050|3.9813553690562378,1051|3.7213508743178787,1052|4.254628047331043,1053|2.9378452165473226,1054|3.4520610942786223,1055|3.0856534761024763,1056|3.7642755094065885,1057|3.650580615133719,1058|3.801632144700271,1059|3.7224570445991327,1060|4.312714048558048,1061|3.8244539621781124,1062|3.595772141564902,1063|2.7527928175525274,1064|3.2744112330131028,1065|4.235359311749752,1066|4.052585301562656,1067|3.874574033296203,1068|3.6990723706643793,1069|4.17263532604721,1070|3.6153359754629055,1071|3.6550687689253536,1073|3.9668982185456603,1075|3.660566001834728,1076|3.8761953168383423,1077|4.151412782739402,1078|4.16689900347037,1079|4.229974060094261,1080|4.358613419984804,1081|3.874328451532925,1082|3.893557702830396,1083|3.9003481524730086,1084|4.226487195187708,1085|4.077010640905001,1086|4.26416690248437,1087|3.5535941263877744,1088|3.4639489258766183,1089|4.293414713668074,1090|4.4332058309701265,1091|3.4992045428593044,1092|3.907368107370998,1093|3.7128724676043,1094|3.699408039799194,1095|3.9355646422631567,1096|3.968059858269683,1097|4.036010326620418,1098|3.536807243734844,1099|4.077160845557918,1100|3.2239999982379093,1101|4.035699386212238,1102|3.2692504915295713,1103|3.9895567209937113,1104|4.044539743764813,1105|2.692201977213214,1106|4.247255762551411,1107|3.5744368641832653,1108|4.247255762551411,1109|4.254628047331043,1110|4.283675006372447,1111|4.325585698004657,1112|3.675617204737621,1113|3.2925442753344827,1114|3.1898984699444197,1115|4.238965386461189,1116|3.807761451854406,1117|3.8047906412319037,1118|4.2136249993828265,1119|3.221355922902886,1120|3.8699945117794265,1121|3.648874548497375,1122|4.247255762551411,1123|3.840329954156656,1124|3.8398807211207027,1125|4.107876767521526,1126|2.9909463389061592,1127|4.051889736422497,1128|3.604274479852485,1129|3.8980691945274497,1130|3.915461829148101,1131|4.254626073603931,1132|4.031997640344227,1133|4.238965386461189,1134|3.546397301086404,1135|3.678720885824232,1136|4.640038534302205,1137|3.4779479664768527,1138|3.9631500522354566,1139|4.254628047331043,1140|4.254628047331043,1141|4.254628047331043,1142|4.254628047331043,1143|3.657345887053865,1144|4.1357649339800755,1145|4.247255762551411,1146|4.238965386461189,1147|4.345944856401113,1148|4.688982940784119,1149|3.6722239529735203,1150|3.8665439038216896,1151|4.017287213561796,1152|3.6207816628397005,1153|3.0732720786985293,1154|3.9022578881772194,1155|4.254628047331043,1156|4.254628047331043,1157|4.254628047331043,1158|4.255660138798326,1159|4.256518706261907,1160|4.255660138798326,1161|4.051046845057462,1162|3.9707115161796764,1163|4.254628047331043,1164|3.652154906080937,1165|4.269271275544169,1166|4.255660138798326,1167|3.311333066732775,1168|2.86455269160687,1169|3.996168878841293,1170|2.6823959537543165,1171|4.023205594373642,1172|4.2189357540547325,1173|3.394077936095425,1174|3.7065552583629113,1175|4.142073839077575,1176|3.7627831871142465,1177|3.9404128875320503,1178|4.51089539571186,1179|3.7838806505247593,1180|3.9983049547740492,1181|2.9271571068719533,1183|3.624379004046533,1184|3.9830178771806164,1185|3.8879725965938152,1186|3.57232531174348,1187|3.661569661311874,1188|3.773956274706073,1189|4.220470896520208,1190|3.631132376475743,1191|3.5917143264122524,1192|4.1743006943680445,1193|4.476084759514126,1194|4.129559212046333,1196|4.667923892784924,1197|4.551729525246059,1198|4.796308965256134,1199|4.197264255162332,1200|4.512103738407019,1201|4.371792572173156,1202|3.9405584449498336,1203|4.382562731562559,1204|4.532120087310899,1205|4.338881195164766,1206|4.179028647560443,1207|4.232569353574118,1208|4.418923643692968,1209|4.28311911777052,1210|4.53504841665635,1211|3.8710332473934495,1212|4.46219341858872,1213|4.4246017059670315,1214|4.431001579887377,1215|4.365086689633639,1216|3.7991641222425026,1217|4.432100082353969,1218|4.473838769468609,1219|4.353896701044199,1220|4.317867700829621,1221|4.526718616059268,1222|4.478687540904171,1223|4.449152052431158,1224|4.409046367817681,1225|4.243038615522895,1226|4.140327877632187,1227|4.118995470249557,1228|4.19796168754226,1230|4.134702801501207,1231|4.328717141896046,1232|3.489891960405057,1233|4.427748425393453,1234|4.485985813409237,1235|4.165142545167327,1236|4.263030230589029,1237|4.289219772965684,1238|3.9364859711974542,1240|4.47730486525948,1241|3.8713391274412903,1242|4.470277901018999,1243|4.1836425621720945,1244|4.030329465718374,1245|4.190631484707453,1246|4.208140876970557,1247|4.220291435683835,1248|4.194167032876605,1249|4.403292487585421,1250|4.4594178713995,1251|3.955151926636042,1252|4.410392180825516,1253|4.303900234341499,1254|4.293136689531457,1255|3.900551538979107,1256|4.324718958286406,1257|4.256567069451005,1258|4.350864641859505,1259|4.383526801570476,1260|4.408254322383355,1261|4.103878945951341,1262|4.504504047064177,1263|4.346177335610927,1264|3.8866276886368185,1265|4.188660105860795,1266|4.105682419775955,1267|4.354087866251928,1268|3.769470394759831,1269|4.3895189058539605,1270|4.2911094270319925,1271|3.6963938526193023,1272|4.407629980243101,1273|3.9934878186968032,1274|4.145434717099862,1275|4.308837071214709,1276|4.419688146278442,1277|3.891160177108383,1278|4.425846635516882,1279|3.865507476582814,1280|4.080257598744869,1281|4.47601268655717,1282|3.795045756580721,1283|4.243352229297098,1284|4.42910533929887,1285|4.029197011399596,1286|3.7494047360184535,1287|4.258588582199089,1288|4.293506329231974,1289|4.295430222614443,1290|3.808531322248623,1291|4.494124896653126,1292|4.162240377117151,1293|4.144833482372725,1294|4.2405262031938635,1295|3.622809800114788,1296|3.7224569736170787,1297|4.15605606993478,1298|3.6425809558163396,1299|4.394881457912277,1300|4.0571835851708355,1301|4.153252487572936,1302|4.116563808749499,1303|4.289074150525987,1304|4.356132358813272,1305|3.915106109683597,1306|3.818796179373182,1307|4.186406281439145,1308|4.255660138798326,1309|4.233374067731822,1310|3.9898735682581243,1311|3.4338774699581336,1312|3.372920618086452,1313|2.7977782802574267,1314|3.581790548546868,1315|4.082553196795159,1316|4.254628047331043,1317|3.572751161120581,1318|3.677132328066521,1319|4.247255762551411,1320|3.469875861042105,1321|4.2793404521317235,1322|2.4389401376801425,1323|2.2631340184577984,1324|2.350984918000174,1325|2.307348591628142,1326|2.6312948552551436,1327|3.5819933069160976,1328|2.496749775446636,1329|2.939367007951129,1330|3.512016904045656,1331|3.5377395543438563,1332|3.50320791762353,1333|4.178844268880981,1334|3.657815361636189,1335|2.6011319432352495,1336|2.9089200520148033,1337|3.928796513816456,1339|3.7578573476159614,1340|4.16906185944621,1341|3.1843591201467403,1342|3.5827978515272827,1343|4.031791050503909,1344|4.025808589254025,1345|3.9506552899295806,1346|3.5648512662162632,1347|4.105828193658235,1348|4.196470200260349,1349|3.0571351329335004,1350|3.9419875326707605,1351|3.698744032146279,1352|3.219457054533938,1353|3.230420766915114,1354|3.7618055546759672,1355|3.704894908443778,1356|4.072857751502753,1357|3.8055011757153876,1358|4.324994041270819,1359|2.8850618049779344,1360|3.5837444953567807,1361|4.068965264593338,1362|4.254628047331043,1363|3.338949414430985,1364|3.640571453172778,1365|3.92936661629982,1366|3.67318459251982,1367|3.2905680433385873,1368|4.254628047331043,1369|3.512072656951374,1370|3.9844141806087414,1371|3.527094644713675,1372|3.8420000497698688,1373|3.256017015734323,1374|4.240278757637697,1375|3.770162780795714,1376|4.0434146133211755,1377|3.422885503336942,1378|3.9886834398356044,1379|3.5696109598434846,1380|3.7597865916897404,1381|2.448659050523548,1382|3.323547365925199,1383|2.4357252212119955,1384|3.6056733426007366,1385|3.7305276029054952,1386|4.194012865543132,1387|4.256345152363956,1388|3.1921875304342064,1389|2.5499077466034863,1390|3.628223637336014,1391|3.4447466936716378,1392|3.675030552083207,1393|3.935761921194757,1394|4.25476538596945,1395|3.6950924308601305,1396|4.129095117115611,1397|3.765094069783369,1398|3.5783217823367632,1399|3.329431968877053,1400|4.254628047331043,1401|3.867605145893129,1404|3.516743905170866,1405|3.9822089867980113,1406|3.831773848125652,1407|4.089880840572235,1408|3.9674629728579625,1409|3.5054226093571295,1410|3.526875266644131,1411|3.870954606609735,1412|3.756363023803135,1413|3.7279919977941827,1414|3.822854489853701,1415|3.4594028064340656,1416|3.628461362626134,1417|3.5759455848483297,1419|3.8350261683409546,1420|3.959509252630407,1421|4.247255762551411,1422|3.624571954843076,1423|3.8604803045832004,1424|4.283675006372447,1425|3.778144544591398,1426|3.2558985339269455,1427|3.5435145907720274,1428|4.254628047331043,1429|3.9063973530606675,1430|3.428362540857779,1431|3.8791626844034077,1432|3.7691170555189726,1433|3.39616003970073,1434|4.283675006372447,1436|3.5766231626313063,1437|3.7135142900273816,1438|3.4529347015069494,1439|3.461190884996763,1440|3.726563512846311,1441|3.5832233933574322,1442|3.7431622202841415,1443|4.247255762551411,1444|3.783336034097073,1445|3.47781881246095,1446|3.7638204921479916,1447|3.549879519121168,1448|4.247255762551411,1449|4.2258464860502745,1450|3.9388768172394846,1453|3.3762936628945033,1454|3.6910845243638706,1455|3.6254415206068336,1456|3.5776116407888874,1457|3.440462524342277,1458|3.5633361672369386,1459|3.7241670519378194,1460|2.8327043251332387,1461|3.1772685280449866,1462|4.247255762551411,1463|3.6084748914726354,1464|3.3481225777232417,1465|3.4214365628053747,1466|4.061094332652782,1467|4.238965386461189,1468|3.2000101915096053,1470|3.799038589516842,1471|3.722124216305922,1472|3.529618568004095,1473|3.484335061987533,1474|2.744947703023693,1475|2.4894697190141737,1476|4.05785848637016,1477|3.6163403458568926,1479|3.529595560510888,1480|3.5832489777495384,1482|3.753799147550595,1483|2.836532788532248,1484|3.8796012412056027,1485|3.8877989682463943,1486|3.755645272876749,1487|3.108081743808411,1488|3.253142877048078,1489|3.1901244988477964,1490|4.255660138798326,1493|2.398392194364601,1494|4.255660138798326,1495|1.8196374979488055,1496|3.6310868772270632,1497|3.4698638593246134,1498|3.2637366489812503,1499|2.7537190001991423,1500|4.26148539297931,1501|2.8206499533970897,1502|3.577386551586831,1503|3.3369787063565512,1504|3.628862881066029,1507|3.962486493640019,1508|3.4582572049003035,1509|3.7649260913671503,1510|4.254628047331043,1511|3.36107068993441,1513|3.4261212412892217,1514|3.3937245160169645,1515|3.0496974540988,1516|3.888131787990059,1517|4.275434265058659,1518|3.709796704972068,1519|3.59394906260854,1520|3.1183719761644455,1522|4.254628047331043,1523|3.0062549275587003,1524|4.254628047331043,1525|2.588692816332595,1526|3.2576029533611477,1527|4.0516170536368765,1528|4.255660138798326,1529|3.6216356179647415,1531|3.8352698650803068,1532|3.641497674771789,1533|3.766455567022578,1534|3.6684604446797584,1535|3.812490427936752,1537|3.9518775535895774,1538|3.353533977854538,1539|3.388317296421732,1541|3.4547689723388686,1542|3.6140508425970577,1543|3.6366935577544766,1544|3.490709863067072,1545|4.152087625267024,1546|3.9200445756630486,1547|3.437591722853899,1548|4.254628047331043,1549|2.890903021816193,1550|3.304011340697362,1551|3.3478751559316744,1552|3.792929320862858,1553|4.255660138798326,1554|3.5328173401949683,1555|3.667248754412949,1556|2.439572120791758,1557|4.254628047331043,1558|4.255660138798326,1559|4.254628047331043,1561|4.255660138798326,1562|2.603528187093051,1563|3.970997907261194,1564|3.646780394307759,1565|3.6559632075003727,1566|3.635489457081649,1567|3.569906168335268,1568|4.22393164749281,1569|3.6659239538130146,1570|3.7826903669614325,1571|3.5679427586805152,1572|3.7780206069748523,1573|3.7603503208922335,1574|3.217481069287951,1575|3.721547850074222,1577|4.254628047331043,1578|4.2782279037323026,1579|4.254628047331043,1580|4.113476057807601,1581|3.3799005633904216,1582|3.3419959660312637,1583|2.852914784994881,1584|3.922882272657599,1585|3.5305177898232745,1586|3.464361788339829,1587|3.914092993008383,1588|3.348564451011984,1589|3.661947876274175,1590|3.2149165872849403,1591|3.06251294968102,1592|2.5779407819347795,1593|3.1013103331214573,1594|3.836803477241858,1595|2.3152609729469833,1596|3.632916698874566,1597|3.758371751874378,1598|3.1996563939550065,1599|2.1594697245052012,1600|3.215099401096367,1601|3.2299746610984217,1602|2.6863718491764255,1603|3.10308545081807,1604|3.3839618603902966,1605|3.140384377756291,1606|2.7211767376137113,1608|3.8582363569583573,1609|3.2939175004696875,1610|4.29945683846268,1611|3.4818431153008826,1612|3.478708220425754,1613|3.6042590420152942,1614|3.58806833371437,1615|3.749617131708162,1616|3.5012676946701147,1617|4.271755307238409,1619|3.776708633030184,1620|3.841695077496143,1621|3.5842999729464307,1622|3.640848773866934,1623|3.1282199245291467,1624|3.5290090610523324,1625|4.005373688379496,1626|2.8573191830024047,1627|3.2608610586801365,1628|4.254628047331043,1629|3.438214219596099,1630|4.238965386461189,1631|3.775995625976739,1632|3.438636087900141,1633|3.630859147013684,1635|3.7955935844558466,1636|3.4750453270423196,1639|3.990745336014153,1640|3.142556526209372,1641|4.0411666757977365,1642|3.315517167863568,1643|3.8955115325353855,1644|3.1560533260237484,1645|3.8544618025278155,1646|3.020034500879338,1647|3.2685088962098825,1648|3.401746228447575,1649|4.262978603157315,1650|3.2438578063430814,1651|3.941979497592973,1652|3.8321699574407186,1653|3.945585630105027,1654|3.4058489793307816,1655|3.01426006322651,1656|3.640965729059621,1657|4.018912801482802,1658|3.4467311485226673,1659|3.820327472132047,1660|3.5409045257307916,1661|3.4910023356911974,1662|2.885241968715157,1663|4.29407195783301,1664|3.652854801056665,1665|3.34049062105254,1666|2.79297999863842,1667|3.1750374859833155,1668|2.8237312739775904,1669|4.256518706261907,1670|3.8668166756133293,1671|3.6424158835224376,1672|3.8836608493293268,1673|3.9017202349951203,1674|4.17789063170647,1675|3.6627480608093483,1676|3.609017734444506,1677|3.586438042898558,1678|3.743620159178801,1679|2.89176869078901,1680|3.792606665910773,1681|2.7813610014933356,1682|4.133501548565624,1683|3.4778330083568214,1684|3.4974969750043496,1685|3.570135827320857,1686|3.6149479696480635,1687|3.472672423970197,1688|3.625331638253824,1689|3.658392821189235,1690|3.4880476132094933,1692|4.288024388673799,1693|4.027771078767276,1694|3.7856139747719078,1695|3.842192904019714,1696|4.190241230255141,1697|4.2782279037323026,1698|3.673788844908569,1699|3.434937691974132,1701|3.824266379795161,1702|3.014492948122907,1703|3.322835039906029,1704|4.472722390642966,1705|4.254628047331043,1706|4.254628047331043,1707|2.429643899560771,1708|4.254628047331043,1709|4.277823246849843,1710|4.254628047331043,1711|3.4392788977075153,1713|3.3597740856415426,1714|4.256518706261907,1715|3.6024040077396773,1716|4.254628047331043,1717|3.3834340678616295,1718|3.221068098945085,1719|4.062454769807248,1720|4.2381017538800165,1721|3.848614294736172,1722|3.794148789623915,1723|3.8684437346737672,1724|4.254628047331043,1725|3.790457148662978,1726|3.3542602145994334,1727|3.226934737876751,1728|3.634225409577894,1729|3.8550272150148794,1730|3.7399667649424697,1731|2.5777057568809707,1732|4.074606875558076,1733|3.119406128552023,1734|3.742897084111212,1735|3.4707778433082477,1738|4.255660138798326,1739|1.831305165235836,1740|4.27733523452063,1741|4.254628047331043,1742|4.2782279037323026,1743|3.9652105320576876,1744|3.049290312137632,1746|3.4539301192687772,1747|3.810583583193974,1748|3.998416425193218,1749|3.3889140639652426,1750|2.6459922348732254,1752|3.129170075342805,1753|4.114261007028277,1754|3.8144487087431553,1755|4.215215295093324,1756|3.2055774200220055,1757|3.679037665358271,1758|4.254628047331043,1759|4.015833493525706,1760|2.245603194892599,1762|3.2014343021812683,1764|4.280353657652505,1765|4.250879599563966,1767|3.6192690506536227,1768|4.254628047331043,1769|3.421796790020945,1770|3.6057622823459443,1771|3.2712012564162514,1772|2.982613254091749,1773|3.499846520301538,1774|4.238965386461189,1776|4.254628047331043,1777|3.9689411970546953,1779|3.0477136926008974,1780|3.7357990902569203,1781|4.254628047331043,1782|4.234915675949255,1783|3.433122985402959,1784|4.217764371127487,1785|3.7444592497957845,1787|4.247255762551411,1788|3.920942310034942,1789|4.254628047331043,1791|3.2062354320317796,1792|3.5476086596939025,1793|3.368142243788074,1794|3.649726114727879,1795|3.823872623470898,1796|4.27733523452063,1797|4.181278854960899,1798|2.9227394655118863,1799|4.061032681746262,1801|3.4204111888355655,1804|3.2453740598497314,1805|3.7761408940170273,1806|3.3457448515832073,1807|3.76571288979492,1809|3.6768317464124585,1810|3.6933712038607265,1811|3.6615419827435742,1812|3.341265531549447,1814|3.6288540461659,1815|4.254628047331043,1816|3.2013569509714177,1817|3.4591341182211544,1819|4.254628047331043,1820|3.5991811036520476,1821|3.3747510066424145,1822|2.54928706465604,1824|3.8234310158210043,1825|3.137621965441387,1826|2.195729441313653,1827|4.3031249642372185,1829|3.6255109739411537,1830|4.255660138798326,1831|3.102035703556248,1832|3.6083135440733254,1833|3.5333580390156305,1834|4.135071580810085,1835|3.5170388158485135,1836|3.401134831330208,1837|3.5476843611903,1839|2.856822088936209,1840|3.5931443570527803,1841|3.617366428656698,1842|4.250879599563966,1843|4.2629318992002245,1844|4.034149093535698,1845|4.276998954459385,1846|3.612732347928137,1847|4.269271275544169,1848|3.2754623589520344,1849|4.261235771412317,1850|3.6141922580973755,1851|4.233374067731822,1852|4.269271275544169,1853|2.412410761522906,1854|3.399497292560816,1855|3.0886336641488032,1856|3.7508401092014227,1857|3.3592061653179375,1858|3.918205787915566,1859|3.71822779935483,1860|3.493446450815812,1861|3.6740217337300978,1862|2.674622485632028,1863|2.954082445052392,1864|3.5013929339372263,1865|3.9035694251943314,1866|3.73534010777413,1867|2.6378938628282125,1868|4.241900864841796,1869|2.8794131088047346,1870|3.6621824582015603,1871|3.7241876783021555,1872|3.744778016649583,1873|4.000623682819623,1874|3.2192872022815315,1875|3.5972307381407367,1876|3.516332155434256,1877|3.3056644564002786,1878|2.7116424455571595,1879|3.59226909570617,1880|3.637082083479182,1881|3.016066209876062,1882|2.834920728920002,1883|3.70524433137932,1884|3.7608075422666847,1885|3.7699167643389626,1886|3.5216758912251347,1887|3.4967806373968724,1888|3.2443281319111077,1889|4.128017586517412,1890|3.4543793826651283,1891|3.177836242092707,1892|3.7596427096800906,1893|3.6993411359137185,1894|3.348505095079018,1895|3.6764852329537034,1896|3.2228488455762383,1897|3.5329429437703608,1898|3.7619009989057544,1899|3.5423775121071337,1900|3.8045826460016605,1901|4.0067579941122275,1902|3.614854450213783,1903|3.561370334712148,1904|3.8721527027164564,1905|4.254628047331043,1906|2.9435855690905584,1907|3.9970054709702394,1908|3.3789327775928255,1909|3.909208656354603,1910|4.026149941672905,1911|3.316834758917512,1912|3.9601587465811905,1913|3.8703477793663454,1914|3.811662723275961,1915|4.254628047331043,1916|3.730537180330454,1917|3.554116392965283,1918|3.7482905560245277,1919|3.3093628713060332,1920|3.236016482069787,1921|3.996499307394179,1922|3.6874761012721224,1923|4.474080617019009,1924|3.0587967323536254,1925|3.7302235441447325,1926|3.3814610222540558,1927|4.241839826617102,1928|3.819772859548701,1929|3.661951870810114,1930|3.6102704331383952,1931|4.224062186407795,1932|3.6287782935580255,1933|3.6750627847311854,1934|3.8465458298565354,1935|4.057856263111377,1936|3.7955707423712655,1937|3.849373291589264,1938|4.136219841880762,1939|4.27265209443087,1940|3.9876001022210836,1941|4.000802330074812,1942|3.9944275805372857,1943|3.6763022795392173,1944|4.155989656590415,1945|4.2787258193370565,1946|3.8366674322641483,1947|3.9748796984907977,1948|3.8374411982449868,1949|4.250944638544047,1950|4.236742352138782,1951|3.9523507000028006,1952|4.0167481939221545,1953|4.26193484348561,1954|4.284380691946735,1955|3.8056352329836796,1956|3.889692852798584,1957|3.8398137335287337,1958|3.766724428567806,1959|3.5091276593644105,1960|4.076748906248166,1961|4.223378163168054,1962|3.8825014799134374,1963|4.366407222108198,1964|3.9229048712483032,1965|3.872600233233395,1966|3.837488468493799,1967|3.815696280439762,1968|4.157761659360799,1969|3.1244820554655717,1970|3.3437582963781587,1971|3.0980650807431314,1972|2.9967385922878496,1973|3.012880496897211,1974|3.7578245650775486,1975|3.311637272248147,1976|3.006183377143273,1977|2.9430133368777915,1978|2.9358961017609184,1979|2.9889675818669104,1980|3.0089175308024805,1981|2.7566848095917718,1982|4.279278234365189,1983|3.510028045762172,1984|2.838803814106792,1985|3.211371149728075,1986|3.111067186708164,1987|3.1591654046552766,1988|2.998066339654974,1989|2.722602536071869,1990|2.5308748277137063,1991|3.476850874748629,1992|2.841971990379525,1993|2.7472490448885507,1994|4.209501618922056,1995|2.723933167330878,1996|2.5862980313127206,1997|4.234836473686605,1998|2.65833835762853,1999|3.627332159165813,2000|4.342533791885318,2001|4.073626659907664,2002|3.83029076645177,2003|3.9640779537812145,2004|3.197389558195766,2005|3.883495905883948,2006|3.891960910269784,2007|3.0069832154285034,2008|3.5646020952252493,2009|3.8731227195525264,2010|4.09744266039643,2011|3.810407467327091,2012|3.672898686109262,2013|3.9315325937140013,2014|3.243849062976683,2015|3.7123908983780574,2016|3.220652733238494,2017|3.1626996117376205,2018|3.7315044853698978,2019|4.614340239832269,2020|4.021995890783949,2021|3.7052804184752604,2022|3.8061353045536337,2023|3.7313762304463425,2024|3.6567845669333923,2025|3.5016056546010184,2026|3.114131710353064,2027|3.319874830358275,2028|4.6753716970163826,2029|3.5532275589376776,2030|4.254628047331043,2031|3.0226306842072144,2032|2.9051162430762916,2033|3.5874457610139823,2034|3.147049081522696,2035|3.144796261790831,2036|2.6953821623832077,2037|3.5152671308355483,2038|3.1158219914637453,2039|3.3378416100111314,2040|3.257250276416899,2041|2.962377110249471,2042|2.9472085523930334,2043|3.540865714352666,2044|2.7199552488636254,2045|3.618697465925523,2046|3.6576794142917466,2047|3.167824612107985,2048|3.6662294046794477,2049|3.2789442410086496,2050|3.7205480355723566,2051|3.54382662144366,2052|3.555326269330806,2053|3.3726227799985677,2054|3.7206543214671735,2055|3.619970547766646,2056|3.6259698265366045,2057|3.7486146921643764,2058|3.830410462820587,2059|3.4857600446100876,2060|3.807275226537826,2061|3.8096330775859624,2062|3.4012943445400396,2063|3.5176439867777507,2064|4.015245522857274,2065|3.683006160979984,2066|3.9922616310851606,2067|4.040123907301599,2068|3.814335992371284,2069|3.63000854824858,2070|3.719215252439785,2071|3.9100023480752983,2072|3.721848658904676,2073|3.8082333755839484,2074|3.6574832344728407,2075|3.7800048726200366,2076|3.8691791561102695,2077|3.6696078598732154,2078|3.7866463766029907,2079|3.7011476003253723,2080|3.767621321073589,2081|3.237153852296952,2082|3.5250783095324993,2083|3.823350385637008,2084|3.4607927345262683,2085|3.5663866738053613,2086|3.447138474931795,2087|3.696263748942103,2088|3.4268473754397286,2089|3.6795905329326724,2090|3.404937939271535,2091|3.173434941723647,2092|3.430934093271693,2093|3.5572674760132807,2094|3.1398182008627047,2095|3.61650225882714,2096|3.620480947079344,2097|3.819995376196455,2098|3.3994009562006804,2099|3.7243912643183252,2100|3.6096841423234505,2101|2.8790654720746733,2102|3.6395876607966313,2103|3.233002244909684,2104|3.333203254842506,2105|3.7045848378339516,2106|3.654556635893073,2107|3.37387550697574,2108|3.942410900850237,2109|4.170503950399743,2110|3.8132139800402207,2111|3.699067660268449,2112|3.7225631395337366,2113|2.9667331556942083,2114|3.9057096179509996,2115|4.249381758923375,2116|3.78985393550652,2117|3.934199900543237,2118|4.157801273078139,2119|3.2370698550513204,2120|3.459063146194185,2121|3.3502593848179245,2122|3.133272553775099,2123|3.4932376267831655,2124|3.6043851500236777,2125|3.9529992304399393,2126|3.268839451273072,2127|4.233374067731822,2128|3.9137833364614867,2129|3.968079581885639,2130|3.7368182309503366,2131|3.6282394149255808,2132|3.978295090525554,2133|3.605563231739091,2134|3.9991473785581833,2135|3.483382003955334,2136|3.7055666969078427,2137|3.823744481327908,2138|4.035598466363399,2139|4.131586692659364,2140|3.7638033743099775,2141|3.6137032569380603,2142|3.2739277615563642,2143|3.603179808450464,2144|4.056920149155757,2145|3.674258499284882,2146|3.4780299271266637,2147|3.0899051216416744,2148|3.706625134688929,2149|3.1234330556886123,2150|4.094692421937964,2151|3.4231706272377487,2152|2.4127395340454654,2153|2.587251108390613,2154|2.8846883621322315,2155|3.6512013708784696,2156|3.6739909333470036,2157|3.8393575985746144,2158|2.987504944538844,2159|3.746294437207632,2160|3.990812698588397,2161|3.748553398404071,2162|2.8508818634689352,2163|2.972709983833274,2164|2.682314324924249,2165|3.385737101109169,2166|3.6891583701576103,2167|3.782432799766235,2168|3.1893071409488014,2169|3.6117907217198284,2170|3.578550781862356,2171|3.673356522291172,2172|3.717635923047535,2173|3.8149451456468215,2174|3.942345151059486,2175|3.6261768044803597,2176|4.248769294889945,2177|3.7663353250060627,2178|4.1191072058765155,2179|3.678982798014858,2180|3.8409243798703834,2181|4.126986371175493,2182|3.9880478572862983,2183|4.275391976440954,2184|4.031477664365857,2185|3.9558720005305386,2186|4.384515713185102,2187|3.599344169574785,2188|3.1941128022624294,2189|3.73765834641019,2190|3.2268453812135593,2191|3.0848789145348716,2192|3.7024992070606344,2193|3.9724316386857335,2194|4.378635721941695,2195|3.754966440962364,2196|2.984942456374788,2197|3.579775733019724,2198|3.9926505815903717,2199|3.665561863712325,2200|3.627303954437731,2201|3.7597572435673348,2202|4.2133654663627365,2203|4.507091154225872,2204|4.334083824844995,2205|3.8100255058868613,2206|4.324299308470163,2207|3.731444794279465,2208|4.2920641306358,2209|3.151870763776625,2210|3.949809750667816,2211|3.870638388221799,2212|4.005971272277417,2213|4.257679602537636,2214|3.9157353285151077,2215|3.5053772791697773,2216|4.254628047331043,2217|4.257679602537636,2218|4.254628047331043,2219|3.432354837002891,2220|4.254628047331043,2221|3.640939633314334,2222|4.255660138798326,2223|4.255660138798326,2224|4.254628047331043,2225|4.254628047331043,2226|3.8152806910750785,2227|3.7414936414484754,2228|4.254628047331043,2229|4.254628047331043,2230|4.255660138798326,2231|3.728327301015743,2232|3.5774302553220068,2233|4.254628047331043,2234|3.6230564450348153,2235|4.241900864841796,2236|3.782253419128117,2237|4.232633067719167,2238|3.8563429752723772,2239|4.035367077437422,2240|3.56692875997775,2241|3.4091874867339476,2242|3.3338553359534524,2243|3.7111920035816457,2244|3.5151319028412997,2245|3.6409222091439473,2246|3.5072780926931126,2247|3.4851614239545836,2248|4.050277011983642,2249|3.7253398241711704,2250|3.6125585569381906,2251|4.255660138798326,2252|3.4190238205062435,2253|3.1391105051144867,2254|4.254628047331043,2255|3.2682585889599682,2256|2.76804919226534,2257|3.502300231011654,2258|4.283675006372447,2259|3.185367581585261,2260|3.1827337153455604,2261|3.8356012389482923,2262|3.504391630107853,2263|3.923386427180555,2264|3.2124866038042406,2265|2.9963203092276958,2266|3.3727170471176477,2267|3.330354208314808,2268|4.171528034916014,2269|3.226077568865883,2270|4.247255762551411,2271|3.782754442437483,2272|3.559235882471871,2273|4.066066466239512,2274|4.254628047331043,2275|3.7437144693078555,2276|3.7834722777117484,2277|4.254628047331043,2278|3.861216091123872,2279|3.363509386585287,2280|3.7156405527209513,2281|3.551628987449348,2282|3.6640767500577,2283|3.305786178515233,2284|3.8535248250324736,2285|3.9284397522361245,2286|3.335940467488089,2287|3.9601858189865755,2288|4.134270184621981,2289|4.087212883476922,2290|3.5574430103942207,2291|3.768896300002771,2292|3.691208172825516,2293|3.5243460515548577,2294|3.805549802046013,2295|3.9953384704249197,2296|3.261530479725015,2297|3.4457868722525355,2298|2.273151593580193,2299|4.255660138798326,2300|4.370806719258466,2301|4.260439217793607,2302|4.08017563939554,2303|3.878215700267557,2304|3.6457774946529744,2305|3.5035501627055217,2306|3.1733807085363828,2307|3.17338171869575,2308|4.299371223451086,2309|4.254628047331043,2310|3.7126424496760846,2311|3.8879723945346054,2312|3.8840600610015,2313|4.081996446923069,2314|3.3438842203769417,2315|3.1754826776602805,2316|3.2276781791746947,2317|3.486626553245515,2318|4.00182548470009,2319|4.255660138798326,2320|3.6713128676674085,2321|3.8977548586422017,2322|3.285620396495638,2323|4.256957985806353,2324|4.520145721009943,2325|4.131394692417277,2326|4.269271275544169,2327|3.436999357623038,2328|3.435568870668176,2329|4.532495662055581,2330|4.45186387836352,2331|3.324965136017866,2332|3.780473292541852,2333|3.8255675312134905,2334|3.4897289751276386,2335|3.748948971210009,2336|4.248553464633693,2337|3.2959307613494127,2338|2.8250978253984296,2339|2.9446744574244184,2340|3.4193610159913304,2341|4.041291699026076,2342|4.433778135944804,2343|4.254628047331043,2344|3.7324334625660507,2345|3.546052330067709,2346|3.5827249251338915,2347|3.7643153753326994,2348|3.7217164321994254,2349|3.9416228514773204,2350|3.1591634571306098,2351|3.9924934406289436,2352|3.932107226321671,2353|3.9506395455802155,2354|3.130939210201933,2355|4.112718482797588,2356|3.424846491375591,2357|4.180591713733852,2358|3.7539847386670138,2359|4.093076714890367,2360|4.3420278911820755,2361|3.324731906471153,2362|2.964137736378892,2363|3.6225359971128315,2364|3.1786295533362936,2365|3.4877990931264895,2366|3.8429829950950083,2367|3.381227112454336,2368|2.684913937155737,2369|3.2398030290453312,2370|3.619234114226315,2371|4.142710612830173,2372|3.5667423561630818,2373|3.0996174896151363,2374|3.5753489240039413,2375|3.5247767300460877,2376|3.620098302679775,2377|3.522132151089366,2378|3.6814067942996123,2379|3.2988082131634306,2380|2.909086672908241,2381|2.814350247861398,2382|2.7309719429315873,2383|2.725235440487629,2384|2.97241528474971,2385|2.8816068181287893,2386|2.7076687857203297,2387|3.5098219606993353,2388|3.1519320237541697,2389|2.9895120345912933,2390|3.8397028282629435,2391|3.967629190493854,2392|2.663052408773173,2393|3.673296422585592,2394|3.7667875357932337,2395|4.092906830580554,2396|4.1699921198981365,2397|3.627851008175127,2398|4.058693171375656,2399|3.176783710225049,2400|3.502217596522882,2401|3.970924200058235,2402|3.5881731537507404,2403|4.12384251351585,2404|3.1325661656680412,2405|3.494643490292031,2406|4.06177494787538,2407|3.6143702349064846,2408|2.9561649212202954,2409|3.781614181699416,2410|3.6862964612956466,2411|3.385956265473344,2412|3.1653236162937963,2413|3.8320929502956735,2414|3.897155557808163,2415|3.5648646526890877,2416|4.046644345994814,2417|3.5040562219326,2418|3.416663983975802,2419|3.534779845008117,2420|3.9122228358864226,2421|3.283838706934542,2422|2.974212876698106,2423|4.186312331848168,2424|3.5371530366311887,2425|3.7114963156386596,2426|3.3409959256720647,2427|3.4616492635969527,2428|3.276191890939233,2429|2.96775636187407,2430|3.457217731629896,2431|3.713598541079673,2432|3.2567462689340942,2433|3.5287006458088017,2434|3.6323059841624823,2435|3.521940782068342,2436|4.373641003436341,2437|3.7480408606000544,2438|4.269271275544169,2439|3.8904697352323367,2440|3.60406770886281,2441|3.7980347697968107,2442|3.668075172501995,2443|3.695610712196271,2444|3.7343885412798894,2445|3.3135115454268083,2446|3.410549896157021,2447|3.5879999955726305,2448|3.1250137240426232,2449|3.064229151549741,2450|2.690479735163316,2451|3.0659675928448666,2452|3.3564443659146503,2453|3.2659238818788765,2454|3.6333672060913966,2455|3.73126689812223,2456|2.8461215112707197,2457|3.9218965218736805,2458|3.308713431843005,2459|3.5557069683330984,2460|3.040667839986014,2461|2.7947755034902735,2462|2.6762502159776895,2463|3.7746716311536694,2464|3.581538757907315,2465|3.0536131220317255,2466|3.4395811379779646,2467|4.275273848590073,2468|3.240369494632395,2469|3.4426246617798952,2470|3.90797478852848,2471|3.368465461929892,2472|3.558745816305506,2473|3.0619208124542414,2474|3.8193933179003356,2475|3.459488871987082,2476|3.949866642782354,2477|4.261235771412317,2478|3.7210881929853743,2479|2.749982258605913,2480|4.254628047331043,2481|3.842374112121491,2482|3.4884005722929325,2483|3.239040839676212,2484|4.255660138798326,2485|3.5870935495591327,2486|3.3512873986789264,2487|3.306697961156237,2488|4.2898053133811445,2489|4.254628047331043,2490|3.88977368186538,2491|2.998687780527196,2492|3.521663845538443,2493|4.1605154777032896,2494|4.479384366714994,2495|3.878904384632912,2496|3.5612160149158107,2497|3.0397528916401884,2498|2.6938387271778645,2499|3.518658192405823,2500|3.1070282372115465,2501|4.310331140771572,2502|4.369650763901698,2503|3.8595786063508117,2504|3.335470526254695,2505|3.355616239293145,2506|3.509359926698596,2507|3.1256045294595545,2508|4.254628047331043,2509|3.0440237645891988,2510|3.5715258946120176,2511|3.8710870126840784,2512|3.897004976185346,2513|3.557865288136686,2514|2.864420686813344,2515|2.6210558687092878,2516|2.5159252143436075,2517|3.730049289830286,2518|3.9535479005044594,2519|3.7926941384653245,2520|3.5680353224321264,2521|3.2022144158209427,2522|2.8727665688594115,2523|2.994690286397258,2524|3.556976747099511,2525|2.934865525018095,2526|2.981968386176902,2527|3.7776705448506935,2528|3.864592684515399,2529|3.9686860360305753,2530|3.146363959809011,2531|3.229270764577666,2532|3.106758687393866,2533|3.3624590206727722,2534|3.1740104376911846,2535|3.1497073021430824,2536|2.344851344379008,2537|2.442345831370249,2538|4.247255762551411,2539|3.849793997662453,2540|3.486541432297651,2541|3.573033635719135,2542|4.330042315966302,2543|3.603083017060597,2544|3.01859677840202,2545|3.5486685209778486,2546|3.1592273124337305,2547|4.254628047331043,2548|3.077217623973328,2549|2.8502504640180115,2550|4.007480787053163,2551|3.5660233779515247,2552|2.8729576785783575,2553|3.756059454418863,2554|3.5061198750401203,2555|2.3058381999591253,2556|4.21255004923726,2557|3.6419653014598,2558|3.1218545162564593,2559|2.8524988385082564,2560|3.712551345623496,2561|3.550636934231166,2562|3.762609939256918,2563|3.8427525755256178,2564|4.254628047331043,2565|4.094340777765591,2566|2.9781180213880005,2567|3.6036628535886233,2568|2.7565735087117806,2569|3.4401425710879803,2570|3.7294894096724374,2571|4.684421984625512,2572|3.795594584162574,2573|4.254628047331043,2574|3.225002333144951,2575|3.9249688136835834,2576|4.254628047331043,2577|3.498981002849086,2578|3.6120865680024083,2579|3.9885823672493244,2580|4.138785032428704,2581|3.446900682411659,2582|3.8944807245803204,2583|3.62433978717931,2584|4.255660138798326,2585|3.5289384945843616,2586|3.387844263997197,2587|3.6568115486858943,2588|4.254628047331043,2589|3.2975105140985965,2590|3.143482798731341,2591|4.234915675949255,2592|4.254628047331043,2593|3.9862295400764953,2594|3.8497070225671366,2595|4.247255762551411,2596|4.094966949125356,2597|3.31458901507703,2598|3.4354808806420656,2599|4.019752108514946,2600|3.277031903689931,2601|4.255660138798326,2602|3.3807801146434757,2603|4.254628047331043,2604|4.247255762551411,2605|3.4803075868572995,2606|3.6095738594726288,2607|4.039977861478536,2608|3.703045335223993,2609|3.980184640153042,2610|3.7569003376749146,2611|3.680832017019341,2612|4.164340603907476,2613|3.4838252323041967,2614|2.8697379182869986,2615|3.549882266195982,2616|3.0343786657730885,2617|3.7463537791257515,2618|4.1014077525688,2619|4.254628047331043,2620|4.055814321366086,2621|3.699196606975237,2622|3.4056083264159906,2623|4.255660138798326,2624|4.227404582233868,2625|3.6302906689127834,2626|3.250558014464918,2627|3.6406222544133016,2628|3.930014553803457,2629|3.0013468590026258,2630|3.5584458797597662,2631|4.22033753506558,2632|3.632479928924736,2633|3.7993034147884197,2634|3.7869166161827588,2635|3.525604273753756,2636|3.241058749960729,2637|3.25247963843451,2638|3.332304589729829,2639|3.4765080594183444,2640|3.891485582845653,2641|3.4824346757893156,2642|3.062700445730963,2643|2.465502587663447,2644|4.113755425402867,2645|4.29597020631174,2646|3.4190746713637106,2647|3.7763528741931784,2648|4.263529450861293,2649|3.818527200952729,2650|3.5214989991007033,2651|3.6774300381958134,2652|3.5255489871118164,2653|3.606407382878141,2654|4.129629480197092,2655|2.58739261934655,2656|3.4545707500467517,2657|3.647270178927969,2658|4.243544794428436,2659|3.377630960753815,2660|4.044480519391204,2661|3.6983757606286116,2662|4.0272951990313075,2663|3.388830706585167,2664|4.098667861866926,2665|3.3850616710966883,2666|3.247321881473759,2667|2.9417543336118497,2668|3.1513330110168685,2669|3.9754410967753104,2670|4.35587081611953,2671|3.8520065592710058,2672|3.4252867740904076,2673|3.592584936859164,2674|3.381821289487773,2675|3.6379586466628115,2676|3.4376558945816735,2677|4.137167497229682,2678|3.3129012053354487,2679|3.6638434156587314,2680|4.254628047331043,2681|3.6548822757052166,2682|3.7478268422226604,2683|4.141336873412033,2684|4.238965386461189,2685|3.637048749521169,2686|4.1712585612551845,2687|3.8456999460513055,2688|3.5913158411588575,2689|3.4392679754616626,2690|3.9183384961105467,2691|3.6098783068680165,2692|4.359859469440883,2693|4.021173474266509,2694|3.718660126085616,2695|3.576058495031501,2696|4.097711357933896,2697|3.4725029353726296,2698|4.243544794428436,2699|3.585580911810274,2700|4.374342939364592,2701|2.6915334267023816,2702|3.372365382252525,2703|4.254628047331043,2704|2.9292452424957673,2705|3.670889943279793,2706|4.2189270653677315,2707|3.9019244194805998,2708|3.460634291143115,2709|3.545716930109334,2710|3.5580062353745228,2711|4.254628047331043,2712|3.4402393007569585,2713|3.0810173104776455,2714|3.8068842486678136,2715|2.471037951169243,2716|4.405808216395899,2717|3.446608162779993,2718|3.6384852084474257,2719|3.057294197341745,2720|2.5034956766790706,2721|3.4753632150876994,2722|3.3992884145608366,2723|3.5855978548891674,2724|3.297416991756859,2725|3.886488009549205,2726|4.265775236417957,2727|3.5663646716429835,2728|4.385852890990144,2729|4.040976517013168,2730|3.7723244383114416,2731|4.152357080834927,2732|3.9522810463406115,2733|2.8664711507867837,2734|3.413071584973766,2735|3.498668700351777,2736|3.7975318267201503,2737|3.286955095288664,2738|3.416242967897081,2739|4.0155650900375,2740|3.0539581765753447,2741|3.4195145682571453,2742|4.238965386461189,2743|3.3183503121413787,2744|3.4276565149573788,2745|4.150772397077382,2746|3.6088384893367147,2747|3.7192384687385145,2748|2.7044914875461123,2749|3.5191692886793464,2750|3.9333370354096857,2751|3.4404826594678575,2752|3.3074990269224647,2753|4.010501613346993,2754|2.7371705365360004,2755|3.1090959257425084,2756|3.5100557379150814,2757|3.8545584902756667,2758|3.35722047632056,2759|3.7059685311042565,2760|3.847475405595487,2761|4.2077574684564825,2762|4.705133302483734,2763|3.8665452543621295,2764|3.9129931245736143,2765|3.737359419539799,2766|3.354226752894287,2767|3.5585369675684655,2768|3.565695602746858,2769|3.3076879739742298,2770|3.6375345987464396,2771|3.3087543339707146,2772|3.6409192767752363,2773|3.583227563789195,2774|3.8748400156035485,2775|3.822192916873776,2776|4.038987633026399,2777|3.4750321778112054,2778|3.0744456890798846,2779|3.915277215617177,2780|3.93377047782402,2781|3.395294152545217,2782|4.009494730417156,2783|3.332950387451126,2784|3.8959018377231835,2785|3.656993404248447,2786|2.9237180289815377,2787|3.499628503080149,2788|4.44020543887947,2789|3.475845646268518,2790|3.383049711050953,2791|4.381612370231592,2792|3.5935934923804953,2793|3.313526468587484,2794|3.543144313206234,2795|4.291882100728023,2796|3.5529653639071404,2797|4.142361901096799,2798|2.79317669857819,2799|2.4847127631847754,2800|3.3542458385718565,2801|3.2549833676895163,2802|3.4246499440828684,2803|3.590681678768876,2804|4.377629203860165,2805|3.303618899193567,2806|3.039668448157859,2807|2.7244854112154915,2808|3.194599037751588,2809|3.2153859061223953,2810|4.288228425681979,2811|4.255660138798326,2812|3.484208551267195,2813|4.493840348966668,2814|3.7246291690479687,2815|3.2369356110841085,2816|2.5692255425520596,2817|2.43895952606814,2818|2.4616937304089346,2819|4.1459073806367694,2820|3.7616313579004084,2821|4.240653577068394,2822|3.3604954676225303,2823|4.27733523452063,2824|4.01194591804994,2825|3.656330283564457,2826|3.6954801485097093,2827|2.9162541702254057,2828|2.7645477275242225,2829|3.5255272592273625,2830|2.8821866043725826,2831|3.199239446216667,2832|4.254628047331043,2833|3.6841603751214036,2834|3.59531807587183,2835|3.006594988434841,2836|3.928949714822618,2837|3.4809938957614373,2838|4.255660138798326,2839|4.056887315109772,2840|3.421642724027129,2841|4.115795080345261,2842|3.7044948251991783,2843|3.70319530781046,2844|3.6810674726584427,2845|4.254628047331043,2846|3.3370557893097215,2847|4.002305286994004,2848|3.712024096271925,2849|3.5829364170836,2850|3.4717182007239,2851|3.0520283833078325,2852|4.211285047360159,2853|3.4481467378270194,2854|3.0801347121031686,2855|3.1036018485688617,2856|3.220983868488708,2857|3.926125009269311,2858|4.4968426032326665,2859|4.237350977566897,2860|3.7574189820737227,2861|3.4513499742865843,2862|3.1806212108391527,2863|4.169650918293834,2864|3.9746990063733865,2865|3.5012398957008664,2866|3.975940368441946,2867|3.9943386937622236,2868|3.2668172135943094,2869|3.657145047450956,2870|3.9419101223728363,2871|4.043383373318273,2872|4.150905324695952,2873|3.0240512917838926,2874|3.730922814285197,2875|3.447872290788359,2876|2.7839465040094016,2877|3.5423041007638574,2878|2.972544433304569,2879|3.8632422504349813,2880|3.8789884834481834,2881|3.540590208689835,2882|3.4264925299743547,2883|3.8361915704645724,2884|4.234915675949255,2885|3.489297905953384,2886|2.6592499028327072,2887|2.7676537633740588,2888|3.1300091236506464,2889|3.7328635502984513,2890|4.1643279826279365,2891|3.7946988795150576,2892|2.911090785826429,2893|3.70323713032096,2894|3.009773627070639,2895|4.261235771412317,2896|3.7175798533619195,2897|3.359382525106656,2898|3.4410997999686215,2899|3.6454304074354624,2900|3.3474470515088126,2901|3.537294163982867,2902|3.1548937232847534,2903|2.7142230802816933,2904|3.6396732587454164,2905|4.657120250191547,2906|2.679718037182965,2907|3.1460552404274873,2908|3.9192147591768958,2909|4.247255762551411,2910|3.554955176803326,2911|3.6765795045785445,2912|3.676740937092275,2913|4.051930552637481,2914|3.5725478420709633,2915|4.025795575136532,2916|4.064486628337265,2917|4.1533480579979605,2918|4.507819705058124,2919|3.6803530808025555,2920|4.0481990992334165,2921|4.152433545722255,2922|4.20044132733745,2923|3.0139418112545355,2924|4.376574932172108,2925|3.854798976967874,2926|3.41206826041103,2927|3.9247636124715477,2928|3.5100217574272996,2929|3.6655891553194393,2930|4.052719107853792,2931|3.8502292617179874,2932|4.009980579353647,2933|3.6924961026208427,2934|4.266349538234364,2935|4.002644714016448,2936|4.1510055606001925,2937|4.47383143556342,2938|3.8297648589974984,2939|4.169121098375724,2940|4.166908895254084,2941|3.7112917288273763,2942|3.32189107136557,2943|3.775555521083845,2944|4.3269582009250405,2945|3.190215435656717,2946|4.079953122655111,2947|4.2474862168270375,2948|4.241436150083143,2949|4.189801089859179,2950|3.0334397262157085,2951|4.189590626156766,2952|3.8297394411836296,2953|2.9741499644336615,2954|4.254628047331043,2955|4.254628047331043,2956|3.5653955316007355,2957|4.254628047331043,2958|4.254628047331043,2959|4.480952052018173,2960|3.735317081296154,2961|3.257161031486335,2962|3.551301451734279,2963|3.7551441963788204,2964|3.589976128278448,2965|2.5394832418184814,2966|4.089479679325818,2967|4.023709702178724,2968|3.9679177783075508,2969|3.8920223638318756,2970|3.7714066100542194,2971|3.9620520190480835,2972|4.04243665469478,2973|4.19409159900086,2974|2.5632213339825576,2975|3.4138790703319373,2976|3.324606220642923,2977|3.204780696430566,2978|3.464479858269565,2979|2.906904132976036,2980|4.254628047331043,2981|4.323769531952984,2982|2.9494216696035767,2983|4.147135106208573,2984|3.9525698818290307,2985|3.78054807667684,2986|2.993642745382163,2987|3.93895464845572,2988|3.8677611613463894,2989|3.8020817606813275,2990|3.4844158551657745,2991|3.93387811280361,2992|2.809529369798904,2993|3.966640964095771,2994|3.8494399446051526,2995|3.116932499750134,2996|3.563197230635767,2997|4.255629813534503,2998|3.450977343819458,2999|3.7143272603140476,3000|4.151665882399786,3001|3.584001857881245,3002|4.032963221372241,3003|3.6655157939944303,3004|3.4950204523846873,3005|3.832339837835769,3006|3.9335443501262257,3007|4.029618413746871,3008|3.9082319577289715,3009|4.254628047331043,3010|3.738970010577721,3011|3.873976615709548,3012|3.7461542045042475,3013|3.637998796966924,3014|3.671693266445175,3015|3.9036682438312447,3016|3.895475979152791,3017|3.527496637703755,3018|3.9424528748687804,3019|3.776166756073537,3020|3.862858686554229,3021|3.69829697230134,3022|4.120171138948935,3023|4.234915675949255,3024|3.5050052425063294,3025|3.6737686433962953,3026|3.598624384318149,3027|3.3968239145624164,3028|3.9006367875408676,3029|3.8591910374103273,3030|3.9988519560894753,3031|3.70389496542393,3032|3.855744168883094,3033|4.012005625800945,3034|3.8533926027986674,3035|3.9822947309028995,3036|3.693786454578681,3037|3.7281747042346076,3038|3.9566938858324794,3039|4.214598491959055,3040|3.7621595626924593,3041|3.269183087171977,3042|3.460307176838608,3043|3.468754664278527,3044|4.044785231881057,3045|3.7244125801183863,3046|3.5134261813833634,3047|3.8814389600760935,3048|3.6270058626822053,3049|3.7209855761149777,3050|3.568390838308197,3051|3.554902275390705,3052|4.164726794682149,3053|3.2344261656927946,3054|2.4417441365024253,3055|3.856275878114477,3056|3.778582755786814,3057|3.9758671115227426,3058|3.5874526530165687,3059|4.254628047331043,3060|3.8869392365838866,3061|4.132689736825318,3062|4.310610894389755,3063|3.5683448607502615,3064|3.278370598883412,3065|4.254628047331043,3066|4.401952750499161,3067|3.9566205411940647,3068|3.824264847688103,3069|3.6688518913955956,3070|3.8076771454485145,3071|4.036528533952991,3072|3.7811168044186676,3073|3.5968365679859255,3074|4.017704911306006,3075|3.8720846478461053,3076|4.088898148418945,3077|4.346698793620706,3078|3.8690643706915813,3079|3.814669900335425,3080|4.2404562011604146,3081|4.003773116514685,3082|3.886405799391615,3083|4.007736273771999,3084|4.247255762551411,3085|4.29597020631174,3086|3.9293729066201246,3087|4.07593640704617,3088|4.191362405889464,3089|4.284113640451462,3090|4.407676735435835,3091|4.4282570849157255,3092|3.822031524956874,3093|3.829421235964434,3094|3.6907466544355514,3095|4.123062533433075,3096|4.070978908473644,3097|4.0238283131143575,3098|4.311143533386892,3099|3.26015613421076,3100|3.9017880194599046,3101|3.937412005443644,3102|4.0436557637763775,3103|3.1986810852130696,3104|4.17479375629622,3105|3.9561307582368803,3106|3.2229465784572375,3107|3.9399745960901127,3108|3.8011548107768696,3109|3.292173962580634,3110|3.5543612606960897,3111|3.772332914208824,3112|3.493053690013017,3113|3.252904741094669,3114|4.397991282710377,3115|3.450466734307983,3116|4.254628047331043,3117|3.7500638960771555,3118|3.5708443926491658,3119|3.667533416410807,3120|3.594860151059289,3121|3.839542076768404,3122|3.582572738402488,3123|4.255660138798326,3124|3.0490513017705476,3125|3.7172475739098902,3126|3.7134816557259667,3127|3.1731844578037145,3128|4.254628047331043,3129|3.9292957446267924,3130|3.0018395373260205,3131|4.255660138798326,3132|3.7990973179979415,3133|3.568645633239246,3134|3.986805140583531,3135|3.9647204262557474,3136|4.247255762551411,3137|4.145077298341776,3138|3.3846680725574436,3139|3.1262686054218847,3140|3.4006276420565227,3141|3.624443028103487,3142|3.8750136786328997,3143|3.906658785600013,3144|3.106601629049436,3145|3.5366795854451825,3146|3.4193500140925366,3147|4.50107676869237,3148|3.984162352985842,3149|3.096255681285996,3150|3.7301791084404106,3151|4.22393164749281,3152|3.9945479911953887,3153|4.01890003795382,3154|4.241900864841796,3155|3.6786314067624803,3156|3.3466281245732663,3157|3.1487583623779445,3158|3.72866657297833,3159|3.798081222633,3160|3.9564354263145174,3161|3.6193149426498326,3162|2.8960631466119438,3163|3.6405592683572574,3164|4.254628047331043,3165|3.2433336589507062,3166|2.0706730574667698,3167|3.878936396696245,3168|4.063928330029449,3169|3.8946586259657137,3170|4.194012865543132,3171|3.571340055398773,3172|3.681178891479309,3173|3.536618851466286,3174|3.7778316201673565,3175|4.128668231939152,3176|3.6330525431119534,3177|3.2758631928914412,3178|4.089101827846018,3179|3.686281369843888,3180|3.138576966371077,3181|4.04254028067101,3182|4.070015912961524,3183|3.831637282173596,3184|4.254088211272533,3185|3.451763534469021,3186|3.7426551802515036,3187|4.254628047331043,3188|4.247255762551411,3189|3.717772586316363,3190|2.62569315078789,3191|4.254628047331043,3192|3.8487207276101163,3193|4.247255762551411,3194|3.5446610185428504,3195|4.254628047331043,3196|4.461064677800781,3197|3.772914380606946,3198|4.370420707963877,3199|3.5025829381726425,3200|4.138846123990282,3201|3.9542728272666428,3202|3.663783203143002,3203|3.8398698246070664,3204|4.098980776107357,3205|3.832431699877225,3206|3.228915146137906,3207|3.606232716481258,3208|3.6075596401236147,3209|4.254628047331043,3210|4.174604957149776,3211|3.7485704696390685,3212|4.254628047331043,3213|4.024384365780208,3214|3.2566886125124084,3215|3.8032021300989056,3216|3.587579244103743,3217|3.6736772764580308,3218|3.5214465849795085,3219|3.626853207873477,3220|4.254628047331043,3221|3.605482866201303,3222|3.8212073380885334,3223|3.6020565721979882,3224|3.923759865951645,3225|2.5420529259133637,3226|4.247255762551411,3227|4.264034950338312,3228|4.255660138798326,3229|4.250879599563966,3230|3.925981899767679,3231|4.255660138798326,3232|3.991848472091446,3233|4.255660138798326,3234|4.255660138798326,3235|3.3243684491355614,3236|4.194012865543132,3237|4.247255762551411,3238|2.5988044004129685,3239|3.46472071848427,3240|3.707034914109398,3241|3.534214388805389,3242|3.5995165473641957,3243|3.1785621287567136,3244|3.8029663805035545,3245|3.7635443682101997,3246|4.035133744682579,3247|3.489903461577239,3248|3.021246138250139,3249|3.5700521925578617,3250|3.891561462255847,3251|3.574287471333699,3252|4.155224617465221,3253|4.0129882357818785,3254|3.546884268027962,3255|3.9351799849073554,3256|3.983413711624179,3257|3.214221534433321,3258|3.360834929331742,3259|3.644935764363897,3260|3.653430979163283,3261|3.683033237306418,3262|3.540707295916852,3263|3.7034411531700577,3264|3.7403744202813893,3265|4.415756462509821,3266|3.8571047894163337,3267|4.0664553389290905,3268|2.6361324068265573,3269|3.354689551299037,3270|3.608925723868669,3271|4.0879709768787595,3272|3.3409688100075927,3273|3.211360126406261,3274|3.661833766806361,3275|4.145096501784458,3276|3.5207246781578183,3277|4.254628047331043,3278|4.247255762551411,3279|4.279514338175611,3280|4.29597020631174,3281|4.034731166216186,3282|3.643656175297923,3283|3.542473266843542,3284|3.6210373225281245,3285|3.098386262472193,3286|2.7319909894206567,3287|2.926731300316775,3288|4.254628047331043,3289|3.532700841213165,3290|4.255660138798326,3291|4.277823246849843,3292|3.8247211834948907,3293|4.2404562011604146,3294|4.29597020631174,3295|3.6639173831009324,3296|3.9482600209034078,3297|4.247255762551411,3298|3.863054916571107,3299|2.863962253538343,3300|3.6541487559131887,3301|3.7460903344013374,3302|3.535175794023419,3303|3.9484793181941793,3304|3.6525981117679693,3305|4.250082161293903,3306|3.9739827578352998,3307|4.256948234300498,3308|3.5271203925055765,3309|3.4794492230306364,3310|3.846381137855837,3311|4.266994153668362,3312|4.254628047331043,3313|2.8538510557832915,3314|4.27733523452063,3315|4.266349538234364,3316|3.283027069739867,3317|4.110861431361163,3318|3.887837046674094,3319|3.3488585048882973,3320|3.211456140852233,3321|4.255660138798326,3322|3.5240542373571326,3323|3.6953611774023254,3324|3.2379759168935234,3325|2.995362440089312,3326|3.4732225481979375,3327|3.9945183717449355,3328|3.812435462736307,3329|3.7298109155740136,3330|4.036687357706959,3331|2.8219966810520214,3332|4.270321237146351,3333|3.6157073336766663,3334|4.22788226756085,3335|3.4091141687156568,3336|4.254628047331043,3337|4.238965386461189,3338|4.409870887636253,3339|4.307783873077425,3340|3.3899314956417252,3341|4.144695273253229,3342|4.079378654982913,3343|3.1234188136443004,3344|3.1481357625383453,3345|3.165670842596522,3346|4.29597020631174,3347|3.9572960191655775,3348|4.272350644204212,3349|3.929202131252375,3350|4.026041863212406,3351|3.118868659513999,3352|4.254628047331043,3353|4.234915675949255,3354|2.9650469735338616,3355|3.2411024826326242,3356|4.247255762551411,3357|3.4878584728646005,3358|3.9438617586402938,3359|4.080618434048335,3360|4.230159900864518,3361|3.9643940302695695,3362|4.178146494487695,3363|4.240236872196747,3364|4.239830065674052,3365|4.2370840301644375,3366|4.262957944195739,3367|3.8534550164194554,3368|3.8269465911956164,3369|4.2782279037323026,3370|3.7865422200825973,3371|3.67299371009056,3372|3.942167089873661,3373|4.194012865543132,3374|3.637579912666165,3375|3.6884784143748277,3376|4.256518706261907,3377|4.241900864841796,3378|3.9405526061503133,3379|4.09903960251161,3380|4.206371569079842,3381|4.238965386461189,3382|4.254628047331043,3383|4.253257529011821,3384|4.232351491951925,3385|3.2889210083103912,3386|4.103542333614387,3387|3.3295324638119412,3388|2.954779875661715,3389|3.0526036237215584,3390|2.479242181068585,3391|3.0625982069863333,3392|2.695464361950439,3393|2.7285878424279533,3394|3.3643295753124094,3395|3.3016256470483576,3396|4.020997623516625,3397|3.9863824789956186,3398|3.7079100025629055,3399|3.2900712655198885,3400|2.901680562954003,3401|2.4571653295754894,3402|3.7045471615012673,3403|2.872913937092716,3404|3.735643504945206,3405|4.166667350858363,3406|3.8107570280590077,3407|4.238965386461189,3408|3.961171560166447,3409|3.7776500033585307,3410|3.7390759760527024,3411|4.254628047331043,3412|3.615416577589875,3413|4.250879599563966,3414|3.3217304436174437,3415|3.171121307324448,3416|4.254628047331043,3417|3.9456233220704577,3418|3.8148252739830952,3419|3.336699066865283,3420|4.044894403939945,3421|4.466558617206038,3422|3.4559872564861047,3423|3.34199995119714,3424|3.8718255890172246,3425|3.448978439158799,3426|3.3306529614204043,3427|3.794176560417104,3428|3.3912167194659535,3429|4.4069255844239965,3430|3.727536326969928,3431|3.154714178309219,3432|2.9744755881091614,3433|2.7475244590708003,3434|2.924497638215289,3435|4.458436356223791,3436|3.3303585707539254,3437|3.104942368429728,3438|3.3317878143928823,3439|2.5127156244207063,3440|2.6128239243543434,3441|3.892687378040597,3442|2.9822485307096427,3443|3.5998212590789223,3444|3.8088429533982504,3445|3.4369016815107676,3446|3.7971934993728707,3447|3.9459305845007475,3448|4.096532626541602,3449|2.984845073110878,3450|4.0003861012641435,3451|4.109866369570727,3452|3.4245640960299393,3453|2.940304359593084,3454|3.3402190732849157,3455|4.269271275544169,3456|4.30364813697882,3457|3.2015302493633575,3458|4.233374067731822,3459|3.5448506578599197,3460|4.255660138798326,3461|3.91285947508539,3462|4.351189840031529,3463|2.7639044960216266,3464|2.6996775749304804,3465|3.144978044259447,3466|3.9229240153317955,3467|4.021990859180551,3468|4.353435790539934,3469|4.398358565334532,3470|4.288662828063194,3471|4.150461406718585,3472|2.9276476889116685,3473|3.71988733857821,3474|3.8638419538179027,3475|4.067891752795223,3476|4.028577159482112,3477|3.5548439898270283,3478|3.634773651319316,3479|3.982418007342229,3480|3.758812109568132,3481|4.142839756208476,3482|4.254628047331043,3483|3.275804481856343,3484|3.2859600087244503,3485|4.29597020631174,3486|3.101463005752116,3487|3.854834984737498,3488|2.872052600697123,3489|3.2917054218232833,3490|3.1004395611149524,3491|3.058296677476998,3492|3.9067948367865593,3493|4.29597020631174,3494|4.000997837605387,3495|3.66448513050867,3496|3.540539190086763,3497|3.243819587339461,3498|4.280444309987164,3499|4.161344470581702,3500|3.252649373510552,3501|3.5999135672353524,3502|3.875428515427358,3503|3.504273801281893,3504|4.113099402805523,3505|4.132129554650833,3506|3.608739289930628,3507|4.318360493377007,3508|4.37134110933953,3509|3.1219017841008343,3510|4.11001578099121,3511|3.1614180211445855,3512|3.679632259434732,3513|3.6906838468917096,3514|3.7230921412393494,3515|3.438656073369555,3516|4.040376356390031,3517|4.250879599563966,3518|3.1924549218073084,3519|3.7214593761601025,3520|2.79261054383274,3521|3.944450242767469,3522|4.254628047331043,3523|3.6992969493117815,3524|3.746466791777157,3525|3.867774308113124,3526|3.8947020150574776,3527|4.076073312603814,3528|3.2564360490986566,3529|3.59293292453799,3530|4.255660138798326,3531|3.616896515235829,3532|4.255660138798326,3533|3.7061479953827092,3534|3.3687852343979454,3535|3.4609094426348648,3536|3.861443612057056,3537|3.5271328010868426,3538|3.691737779723846,3539|3.9318693693844127,3540|2.947961285084623,3541|4.283675006372447,3542|4.254628047331043,3543|4.039761573549142,3544|3.5076686902586367,3545|3.931272236960286,3546|4.033386290550019,3547|3.9368293429169428,3548|4.016409388126689,3549|3.768119153956822,3550|3.690748751343317,3551|4.232566997507488,3552|4.3457088795027605,3553|3.226339078893634,3554|3.430975572701268,3555|3.9819376308261454,3556|3.892229572952305,3557|3.6110834338449065,3558|4.254628047331043,3559|3.6018304184233445,3560|4.254628047331043,3561|4.254628047331043,3562|3.551431847821529,3563|2.6761410302124746,3564|2.331618295778462,3565|3.4597994733537236,3566|3.636772942008486,3567|3.8525486024523095,3568|3.4021261908902187,3569|3.92122948165498,3570|4.254628047331043,3571|3.5100987826530705,3572|2.3299712371999033,3573|2.3109428140350383,3574|2.1679497199946645,3575|4.254628047331043,3576|4.009783436464408,3577|3.171541184276277,3578|4.535974096101681,3579|4.254628047331043,3580|3.30334758363007,3581|3.761532312170318,3582|4.254628047331043,3583|4.254628047331043,3584|3.094623753587821,3585|4.018221588961568,3586|3.599600868586286,3587|3.30691536368687,3588|3.458162649133317,3589|4.29597020631174,3590|3.4031058747369993,3591|3.800298479409617,3592|3.421854132147396,3593|2.3162043244366473,3594|3.5365511657356663,3595|3.636326650804702,3596|3.4904530289099966,3597|3.3872037876623176,3598|3.5417210130136993,3599|3.783930495404661,3600|3.096840601793609,3601|4.1882754936625055,3602|3.2211873732830556,3603|4.255660138798326,3604|3.843635061002825,3605|3.4098542222314414,3606|4.105518728290911,3607|4.157196177966881,3608|3.5591370602021986,3609|4.064738929349657,3610|2.990019172567587,3611|3.613963625105261,3612|3.7486183561199584,3613|4.019763026550662,3614|3.677100588699628,3615|3.416867792958711,3616|3.0007054527762405,3617|4.094262677265169,3618|3.7230401546285017,3619|3.956024856444447,3620|3.259480914914287,3621|3.707572855375413,3622|3.7439254008150975,3623|3.620571034806064,3624|4.107484784254208,3625|4.10611078868248,3626|2.7825973624661495,3627|3.8546727920055703,3628|3.6306502619934538,3629|4.238782193858832,3630|4.29597020631174,3631|4.255660138798326,3632|3.7214252754184645,3633|3.592414914723066,3634|4.439562867852516,3635|4.0148732117005235,3636|3.5218116533169934,3637|3.691627959264399,3638|3.5485344604302504,3639|3.9351800373920645,3640|3.780889265132017,3641|3.2352894652570567,3642|4.194012865543132,3643|3.8417238404469463,3644|3.852109862922193,3645|3.2649343397107877,3646|3.014745174705297,3647|4.254628047331043,3648|3.630501342181944,3649|3.5543352133377044,3650|4.29597020631174,3651|4.29597020631174,3652|3.799127559675408,3653|4.031422069813456,3654|4.314501614807724,3655|4.021482911799638,3656|4.2782279037323026,3657|4.254628047331043,3658|3.921560274298945,3659|3.4919902129027602,3660|3.3073402258428946,3661|3.1046762848593943,3662|2.79725882530302,3663|2.685287526959703,3664|2.7310454838552847,3665|2.59468857806828,3666|2.355358957521079,3667|2.626603971443334,3668|4.017355314018737,3669|3.248905594104909,3670|3.550547506512928,3671|4.370260305382967,3672|3.0844551864042566,3673|2.8756693905571042,3674|2.4529267348661667,3675|3.9527832321182075,3676|3.5461171961829745,3677|4.090992771024963,3678|3.817377400506154,3679|4.429554566540647,3680|4.00099951647346,3681|4.12981858579978,3682|4.145876180795321,3683|4.15395792326125,3684|3.3752764473382575,3685|3.8397193074669085,3686|3.795827073942702,3687|3.552844989987558,3688|3.636712584481839,3689|2.9502480588825857,3690|2.957353718246802,3691|3.028187835562186,3692|3.117413584200039,3693|3.2333748741938466,3694|2.6435524058012367,3695|2.7828597299574467,3696|3.4339315041328504,3697|3.319153695271492,3698|3.6451955343263385,3699|3.6800699344689134,3700|3.777931349652481,3701|3.5649555667129915,3702|3.919942656458204,3703|4.0342492278008715,3704|3.6187197312968813,3705|3.1178729902851154,3706|3.6644873649327936,3707|3.4147440198678805,3708|3.3893409114044752,3709|3.0751029288529894,3710|2.970090659116371,3711|3.478227037718484,3712|3.6408406136383955,3713|3.8589088084953795,3714|3.452282365113996,3715|2.971841486198108,3716|3.025993521655359,3717|3.4971871487872335,3718|3.852305216184864,3719|4.234915675949255,3720|3.6801217462408546,3721|3.078729882431726,3722|3.5255664318231323,3723|3.9249864157926115,3724|3.822435714448779,3725|3.5688023243266387,3726|3.882940027284576,3727|4.0561026700200165,3728|4.131078632156743,3729|3.8309496826476614,3730|4.230575047041529,3731|3.579302758144295,3732|3.5301819240745855,3733|4.058489838881237,3734|3.453248044376129,3735|4.09753482610239,3736|3.972691204991682,3737|4.3529301345688385,3738|3.901759632270232,3739|3.5364507818133815,3740|4.0149022187641705,3741|4.153601837087396,3742|3.8680172045864905,3743|3.0576234643133917,3744|3.4237432500532208,3745|3.7241468702766554,3746|3.9748602600317455,3747|3.9828260584654998,3748|4.234915675949255,3749|3.8277245766292074,3750|4.254628047331043,3751|4.065568461948892,3752|3.773947397409213,3753|4.124725690301301,3754|3.039945056337569,3755|3.6851062975979323,3756|3.33204838409086,3757|3.4998406889655267,3758|3.167869244102012,3759|3.5702160741713396,3760|3.957023964279335,3761|3.6394234856975283,3762|4.29597020631174,3763|3.875360888922181,3764|3.2510589011777586,3765|3.579359648646113,3766|3.086538711900277,3767|2.7901286497253928,3768|2.7250054374617267,3769|3.8624866136054963,3770|3.7775745880528833,3771|3.804769308886974,3772|4.29597020631174,3773|3.362758544175981,3774|2.698773029282296,3775|3.48562209639658,3776|3.485437208076082,3777|3.0674915196896246,3778|4.238965386461189,3779|4.243544794428436,3780|3.264396844314165,3781|3.0607559075243995,3782|3.2043772418319145,3783|4.044007629500553,3784|3.270144064750158,3785|3.905368769395069,3786|3.656739961444558,3787|3.9466898835473874,3788|3.9370834462174256,3789|3.9043825888129033,3790|3.706266560586344,3791|3.6654440298255926,3792|3.852334720729935,3793|4.021893781756715,3794|3.695023199132339,3795|3.7127877911119844,3796|3.4650250935154254,3797|3.533522475487051,3798|3.916721350645244,3799|3.4489135608666084,3800|4.233374067731822,3801|4.3390966555303745,3802|2.849805987835325,3803|4.254628047331043,3804|2.893079065274183,3805|3.1814184241967416,3806|3.2142607424216987,3807|3.3962075035182195,3808|3.700579003548791,3809|3.8270645105154633,3810|3.4791747976714555,3811|4.312969592377111,3812|4.12482711496923,3813|3.496157358029038,3814|4.37990704021391,3816|3.6029695676990476,3817|3.526771197855262,3818|4.257679602537636,3819|4.233282201872717,3820|2.3635519598616006,3821|3.0003332198434385,3822|3.6162430457832553,3823|3.8216555630061473,3824|2.78868263183935,3825|3.3232252366160013,3826|3.1959737780229167,3827|3.5348704799118718,3828|4.255660138798326,3829|4.234915675949255,3830|3.14355259041037,3831|3.9495860109836225,3832|3.8763945467835694,3833|3.112664820361476,3834|2.9788544457381416,3835|3.196867593455942,3836|4.266710942045946,3837|3.1830906097724974,3838|3.305395993134529,3839|3.041194288444925,3840|3.256757396594501,3841|3.4944529351349924,3842|4.29597020631174,3843|3.1167147446267904,3844|3.6894379961169523,3845|3.784085078934473,3846|3.7283108543952794,3847|3.25906845961023,3848|3.400584734328694,3849|3.9809485432612917,3850|4.272350644204212,3851|4.278936241139176,3852|4.0612820796705495,3853|3.8628555341746518,3854|3.744616503711322,3855|3.5405589551630854,3856|4.254628047331043,3857|3.2091463486220686,3858|3.6533374632938362,3859|3.9700565569302317,3860|3.031386818333571,3861|3.557302716718856,3862|3.1916675809519064,3863|3.6870029822761774,3864|3.2648905614982686,3865|3.9394211886768433,3866|4.255660138798326,3867|3.53690771837221,3868|4.059085279648885,3869|3.6551391800979705,3870|3.959361491950438,3871|3.895619523720147,3872|3.8686381586170784,3873|3.9099283987317053,3874|3.181904020360203,3875|4.039635065196127,3876|3.7863975520200333,3877|2.5430240327468185,3878|2.733221542445852,3879|3.3195799850227456,3880|3.940503532115151,3881|3.923748070366938,3882|3.5688174861712216,3883|3.5716793122614052,3884|2.999379172507713,3885|3.562239817294394,3886|3.894672291703368,3887|4.254628047331043,3888|3.7788668694748715,3889|3.1701158501767654,3890|4.247255762551411,3891|4.250879599563966,3892|3.8201850268970414,3893|3.6981715757830083,3894|3.090909287473251,3895|3.038785568152333,3896|3.7987126979993855,3897|4.322148863878773,3898|3.085649299550278,3899|3.7040509180969945,3900|3.449477570055098,3901|3.0934053756852986,3902|3.7119756821322367,3903|3.2406340129530036,3904|4.254628047331043,3905|3.6608943538114103,3906|3.588611115369381,3907|4.254628047331043,3908|2.77192521644358,3909|3.148383998619683,3910|4.0355510610685545,3911|4.281214990382603,3912|3.029169073176775,3913|3.7844939961318502,3914|3.3980824858077585,3915|3.7230312850280947,3916|4.168377240317816,3917|3.6477715082623976,3918|3.35154654209143,3919|2.92778770301837,3920|3.4183074508685003,3921|2.8354340197702075,3922|2.789486833128451,3923|3.1408254254720407,3924|2.769048243297479,3925|3.836488304798171,3926|3.8620075686880697,3927|3.9804222188538736,3928|3.9867170890445176,3929|4.238855634381425,3930|4.061852772558851,3931|3.5283570788466907,3932|3.9711617033121787,3933|3.542055219216599,3934|3.5560892077214854,3935|4.29597020631174,3936|3.8176193305414348,3937|3.3893517569093303,3938|3.538019992144563,3939|3.5962437783441086,3940|3.41217811673392,3941|3.509585567264258,3942|3.4163755513264205,3943|3.4976145634867253,3944|3.4860494550148866,3945|3.520237983754744,3946|2.5963619181490722,3947|3.698491383875868,3948|3.957711705365524,3949|4.192924236794818,3950|3.99951565967302,3951|3.675116284676463,3952|3.887962479540767